setting,phi_min,phi_max,eps,algo,budget,rate
"U(0.01,0.1), eps=1e-03",0.01,0.1,0.001,brute,896,0.17505
"U(0.01,0.1), eps=1e-03",0.01,0.1,0.001,brute,1081,0.19545
"U(0.01,0.1), eps=1e-03",0.01,0.1,0.001,brute,1304,0.21377
"U(0.01,0.1), eps=1e-03",0.01,0.1,0.001,brute,1573,0.23475
"U(0.01,0.1), eps=1e-03",0.01,0.1,0.001,brute,1898,0.26227
"U(0.01,0.1), eps=1e-03",0.01,0.1,0.001,brute,2289,0.28918
"U(0.01,0.1), eps=1e-03",0.01,0.1,0.001,brute,2761,0.31825
"U(0.01,0.1), eps=1e-03",0.01,0.1,0.001,brute,3331,0.3445
"U(0.01,0.1), eps=1e-03",0.01,0.1,0.001,brute,4018,0.3758
"U(0.01,0.1), eps=1e-03",0.01,0.1,0.001,brute,4847,0.40858
"U(0.01,0.1), eps=1e-03",0.01,0.1,0.001,brute,5847,0.44515
"U(0.01,0.1), eps=1e-03",0.01,0.1,0.001,brute,7053,0.48245
"U(0.01,0.1), eps=1e-03",0.01,0.1,0.001,brute,8507,0.5236
"U(0.01,0.1), eps=1e-03",0.01,0.1,0.001,brute,10262,0.56527
"U(0.01,0.1), eps=1e-03",0.01,0.1,0.001,brute,12379,0.60977
"U(0.01,0.1), eps=1e-03",0.01,0.1,0.001,brute,14932,0.65568
"U(0.01,0.1), eps=1e-03",0.01,0.1,0.001,brute,18012,0.70085
"U(0.01,0.1), eps=1e-03",0.01,0.1,0.001,brute,21727,0.74613
"U(0.01,0.1), eps=1e-03",0.01,0.1,0.001,brute,26209,0.79038
"U(0.01,0.1), eps=1e-03",0.01,0.1,0.001,brute,31614,0.83017
"U(0.01,0.1), eps=1e-03",0.01,0.1,0.001,brute,38135,0.8665
"U(0.01,0.1), eps=1e-03",0.01,0.1,0.001,brute,46001,0.90053
"U(0.01,0.1), eps=1e-03",0.01,0.1,0.001,brute,55489,0.93015
"U(0.01,0.1), eps=1e-03",0.01,0.1,0.001,brute,66933,0.9535
"U(0.01,0.1), eps=1e-03",0.01,0.1,0.001,brute,80739,0.97195
"U(0.01,0.1), eps=1e-03",0.01,0.1,0.001,brute,97391,0.98425
"U(0.01,0.1), eps=1e-03",0.01,0.1,0.001,brute,117479,0.99157
"U(0.01,0.1), eps=1e-03",0.01,0.1,0.001,brute,141709,0.99638
"U(0.01,0.1), eps=1e-03",0.01,0.1,0.001,brute,170937,0.9986
"U(0.01,0.1), eps=1e-03",0.01,0.1,0.001,brute,206193,0.99967
"U(0.01,0.1), eps=1e-03",0.01,0.1,0.001,brute,248721,0.99997
"U(0.01,0.1), eps=1e-03",0.01,0.1,0.001,brute,300021,0.99997
"U(0.01,0.1), eps=1e-03",0.01,0.1,0.001,brute,361901,1.0
"U(0.01,0.1), eps=1e-03",0.01,0.1,0.001,brute,436544,1.0
"U(0.01,0.1), eps=1e-03",0.01,0.1,0.001,brute,526582,1.0
"U(0.01,0.1), eps=1e-03",0.01,0.1,0.001,brute,635191,1.0
"U(0.01,0.1), eps=1e-03",0.01,0.1,0.001,brute,766201,1.0
"U(0.01,0.1), eps=1e-03",0.01,0.1,0.001,brute,924232,1.0
"U(0.01,0.1), eps=1e-03",0.01,0.1,0.001,brute,1114857,1.0
"U(0.01,0.1), eps=1e-03",0.01,0.1,0.001,brute,1344800,1.0
"U(0.01,0.1), eps=1e-03",0.01,0.1,0.001,separable,896,0.03728
"U(0.01,0.1), eps=1e-03",0.01,0.1,0.001,separable,1081,0.04278
"U(0.01,0.1), eps=1e-03",0.01,0.1,0.001,separable,1304,0.04952
"U(0.01,0.1), eps=1e-03",0.01,0.1,0.001,separable,1573,0.05582
"U(0.01,0.1), eps=1e-03",0.01,0.1,0.001,separable,1898,0.06162
"U(0.01,0.1), eps=1e-03",0.01,0.1,0.001,separable,2289,0.0683
"U(0.01,0.1), eps=1e-03",0.01,0.1,0.001,separable,2761,0.0772
"U(0.01,0.1), eps=1e-03",0.01,0.1,0.001,separable,3331,0.0868
"U(0.01,0.1), eps=1e-03",0.01,0.1,0.001,separable,4018,0.09935
"U(0.01,0.1), eps=1e-03",0.01,0.1,0.001,separable,4847,0.10823
"U(0.01,0.1), eps=1e-03",0.01,0.1,0.001,separable,5847,0.12083
"U(0.01,0.1), eps=1e-03",0.01,0.1,0.001,separable,7053,0.13428
"U(0.01,0.1), eps=1e-03",0.01,0.1,0.001,separable,8507,0.14567
"U(0.01,0.1), eps=1e-03",0.01,0.1,0.001,separable,10262,0.15652
"U(0.01,0.1), eps=1e-03",0.01,0.1,0.001,separable,12379,0.17178
"U(0.01,0.1), eps=1e-03",0.01,0.1,0.001,separable,14932,0.19123
"U(0.01,0.1), eps=1e-03",0.01,0.1,0.001,separable,18012,0.21015
"U(0.01,0.1), eps=1e-03",0.01,0.1,0.001,separable,21727,0.23128
"U(0.01,0.1), eps=1e-03",0.01,0.1,0.001,separable,26209,0.25465
"U(0.01,0.1), eps=1e-03",0.01,0.1,0.001,separable,31614,0.27955
"U(0.01,0.1), eps=1e-03",0.01,0.1,0.001,separable,38135,0.30612
"U(0.01,0.1), eps=1e-03",0.01,0.1,0.001,separable,46001,0.33465
"U(0.01,0.1), eps=1e-03",0.01,0.1,0.001,separable,55489,0.36478
"U(0.01,0.1), eps=1e-03",0.01,0.1,0.001,separable,66933,0.39718
"U(0.01,0.1), eps=1e-03",0.01,0.1,0.001,separable,80739,0.43245
"U(0.01,0.1), eps=1e-03",0.01,0.1,0.001,separable,97391,0.46942
"U(0.01,0.1), eps=1e-03",0.01,0.1,0.001,separable,117479,0.50718
"U(0.01,0.1), eps=1e-03",0.01,0.1,0.001,separable,141709,0.5489
"U(0.01,0.1), eps=1e-03",0.01,0.1,0.001,separable,170937,0.592
"U(0.01,0.1), eps=1e-03",0.01,0.1,0.001,separable,206193,0.63635
"U(0.01,0.1), eps=1e-03",0.01,0.1,0.001,separable,248721,0.68378
"U(0.01,0.1), eps=1e-03",0.01,0.1,0.001,separable,300021,0.729
"U(0.01,0.1), eps=1e-03",0.01,0.1,0.001,separable,361901,0.7724
"U(0.01,0.1), eps=1e-03",0.01,0.1,0.001,separable,436544,0.81447
"U(0.01,0.1), eps=1e-03",0.01,0.1,0.001,separable,526582,0.85342
"U(0.01,0.1), eps=1e-03",0.01,0.1,0.001,separable,635191,0.88818
"U(0.01,0.1), eps=1e-03",0.01,0.1,0.001,separable,766201,0.91865
"U(0.01,0.1), eps=1e-03",0.01,0.1,0.001,separable,924232,0.94442
"U(0.01,0.1), eps=1e-03",0.01,0.1,0.001,separable,1114857,0.9647
"U(0.01,0.1), eps=1e-03",0.01,0.1,0.001,separable,1344800,0.97913
"U(0.01,0.1), eps=1e-03",0.01,0.1,0.001,linear,896,0.15438
"U(0.01,0.1), eps=1e-03",0.01,0.1,0.001,linear,1081,0.18095
"U(0.01,0.1), eps=1e-03",0.01,0.1,0.001,linear,1304,0.205
"U(0.01,0.1), eps=1e-03",0.01,0.1,0.001,linear,1573,0.2203
"U(0.01,0.1), eps=1e-03",0.01,0.1,0.001,linear,1898,0.25788
"U(0.01,0.1), eps=1e-03",0.01,0.1,0.001,linear,2289,0.27765
"U(0.01,0.1), eps=1e-03",0.01,0.1,0.001,linear,2761,0.3048
"U(0.01,0.1), eps=1e-03",0.01,0.1,0.001,linear,3331,0.3442
"U(0.01,0.1), eps=1e-03",0.01,0.1,0.001,linear,4018,0.37802
"U(0.01,0.1), eps=1e-03",0.01,0.1,0.001,linear,4847,0.40642
"U(0.01,0.1), eps=1e-03",0.01,0.1,0.001,linear,5847,0.43845
"U(0.01,0.1), eps=1e-03",0.01,0.1,0.001,linear,7053,0.49225
"U(0.01,0.1), eps=1e-03",0.01,0.1,0.001,linear,8507,0.5333
"U(0.01,0.1), eps=1e-03",0.01,0.1,0.001,linear,10262,0.57447
"U(0.01,0.1), eps=1e-03",0.01,0.1,0.001,linear,12379,0.62038
"U(0.01,0.1), eps=1e-03",0.01,0.1,0.001,linear,14932,0.66595
"U(0.01,0.1), eps=1e-03",0.01,0.1,0.001,linear,18012,0.7116
"U(0.01,0.1), eps=1e-03",0.01,0.1,0.001,linear,21727,0.7516
"U(0.01,0.1), eps=1e-03",0.01,0.1,0.001,linear,26209,0.8003
"U(0.01,0.1), eps=1e-03",0.01,0.1,0.001,linear,31614,0.83962
"U(0.01,0.1), eps=1e-03",0.01,0.1,0.001,linear,38135,0.87565
"U(0.01,0.1), eps=1e-03",0.01,0.1,0.001,linear,46001,0.9107
"U(0.01,0.1), eps=1e-03",0.01,0.1,0.001,linear,55489,0.9298
"U(0.01,0.1), eps=1e-03",0.01,0.1,0.001,linear,66933,0.95608
"U(0.01,0.1), eps=1e-03",0.01,0.1,0.001,linear,80739,0.9749
"U(0.01,0.1), eps=1e-03",0.01,0.1,0.001,linear,97391,0.9846
"U(0.01,0.1), eps=1e-03",0.01,0.1,0.001,linear,117479,0.99123
"U(0.01,0.1), eps=1e-03",0.01,0.1,0.001,linear,141709,0.99598
"U(0.01,0.1), eps=1e-03",0.01,0.1,0.001,linear,170937,0.99685
"U(0.01,0.1), eps=1e-03",0.01,0.1,0.001,linear,206193,0.99913
"U(0.01,0.1), eps=1e-03",0.01,0.1,0.001,linear,248721,0.9996
"U(0.01,0.1), eps=1e-03",0.01,0.1,0.001,linear,300021,0.9999
"U(0.01,0.1), eps=1e-03",0.01,0.1,0.001,linear,361901,0.99995
"U(0.01,0.1), eps=1e-03",0.01,0.1,0.001,linear,436544,0.99997
"U(0.01,0.1), eps=1e-03",0.01,0.1,0.001,linear,526582,0.99997
"U(0.01,0.1), eps=1e-03",0.01,0.1,0.001,linear,635191,0.99997
"U(0.01,0.1), eps=1e-03",0.01,0.1,0.001,linear,766201,0.99997
"U(0.01,0.1), eps=1e-03",0.01,0.1,0.001,linear,924232,0.99997
"U(0.01,0.1), eps=1e-03",0.01,0.1,0.001,linear,1114857,0.99997
"U(0.01,0.1), eps=1e-03",0.01,0.1,0.001,linear,1344800,0.99997
"U(0.01,0.1), eps=1e-03",0.01,0.1,0.001,binary,896,0.0379
"U(0.01,0.1), eps=1e-03",0.01,0.1,0.001,binary,1081,0.0443
"U(0.01,0.1), eps=1e-03",0.01,0.1,0.001,binary,1304,0.04727
"U(0.01,0.1), eps=1e-03",0.01,0.1,0.001,binary,1573,0.05183
"U(0.01,0.1), eps=1e-03",0.01,0.1,0.001,binary,1898,0.05978
"U(0.01,0.1), eps=1e-03",0.01,0.1,0.001,binary,2289,0.0604
"U(0.01,0.1), eps=1e-03",0.01,0.1,0.001,binary,2761,0.06682
"U(0.01,0.1), eps=1e-03",0.01,0.1,0.001,binary,3331,0.07495
"U(0.01,0.1), eps=1e-03",0.01,0.1,0.001,binary,4018,0.10477
"U(0.01,0.1), eps=1e-03",0.01,0.1,0.001,binary,4847,0.16032
"U(0.01,0.1), eps=1e-03",0.01,0.1,0.001,binary,5847,0.21555
"U(0.01,0.1), eps=1e-03",0.01,0.1,0.001,binary,7053,0.26955
"U(0.01,0.1), eps=1e-03",0.01,0.1,0.001,binary,8507,0.33132
"U(0.01,0.1), eps=1e-03",0.01,0.1,0.001,binary,10262,0.38585
"U(0.01,0.1), eps=1e-03",0.01,0.1,0.001,binary,12379,0.47255
"U(0.01,0.1), eps=1e-03",0.01,0.1,0.001,binary,14932,0.55115
"U(0.01,0.1), eps=1e-03",0.01,0.1,0.001,binary,18012,0.6258
"U(0.01,0.1), eps=1e-03",0.01,0.1,0.001,binary,21727,0.69173
"U(0.01,0.1), eps=1e-03",0.01,0.1,0.001,binary,26209,0.74415
"U(0.01,0.1), eps=1e-03",0.01,0.1,0.001,binary,31614,0.7884
"U(0.01,0.1), eps=1e-03",0.01,0.1,0.001,binary,38135,0.82525
"U(0.01,0.1), eps=1e-03",0.01,0.1,0.001,binary,46001,0.86172
"U(0.01,0.1), eps=1e-03",0.01,0.1,0.001,binary,55489,0.8926
"U(0.01,0.1), eps=1e-03",0.01,0.1,0.001,binary,66933,0.91978
"U(0.01,0.1), eps=1e-03",0.01,0.1,0.001,binary,80739,0.9394
"U(0.01,0.1), eps=1e-03",0.01,0.1,0.001,binary,97391,0.95903
"U(0.01,0.1), eps=1e-03",0.01,0.1,0.001,binary,117479,0.9732
"U(0.01,0.1), eps=1e-03",0.01,0.1,0.001,binary,141709,0.98215
"U(0.01,0.1), eps=1e-03",0.01,0.1,0.001,binary,170937,0.98598
"U(0.01,0.1), eps=1e-03",0.01,0.1,0.001,binary,206193,0.99162
"U(0.01,0.1), eps=1e-03",0.01,0.1,0.001,binary,248721,0.99215
"U(0.01,0.1), eps=1e-03",0.01,0.1,0.001,binary,300021,0.99677
"U(0.01,0.1), eps=1e-03",0.01,0.1,0.001,binary,361901,0.99805
"U(0.01,0.1), eps=1e-03",0.01,0.1,0.001,binary,436544,0.99845
"U(0.01,0.1), eps=1e-03",0.01,0.1,0.001,binary,526582,0.99887
"U(0.01,0.1), eps=1e-03",0.01,0.1,0.001,binary,635191,0.99905
"U(0.01,0.1), eps=1e-03",0.01,0.1,0.001,binary,766201,0.99908
"U(0.01,0.1), eps=1e-03",0.01,0.1,0.001,binary,924232,0.99935
"U(0.01,0.1), eps=1e-03",0.01,0.1,0.001,binary,1114857,0.9991
"U(0.01,0.1), eps=1e-03",0.01,0.1,0.001,binary,1344800,0.99985
"U(0.01,0.1), eps=1e-03",0.01,0.1,0.001,reverse_eng,896,0.17405
"U(0.01,0.1), eps=1e-03",0.01,0.1,0.001,reverse_eng,1081,0.19975
"U(0.01,0.1), eps=1e-03",0.01,0.1,0.001,reverse_eng,1304,0.22987
"U(0.01,0.1), eps=1e-03",0.01,0.1,0.001,reverse_eng,1573,0.25535
"U(0.01,0.1), eps=1e-03",0.01,0.1,0.001,reverse_eng,1898,0.29042
"U(0.01,0.1), eps=1e-03",0.01,0.1,0.001,reverse_eng,2289,0.32517
"U(0.01,0.1), eps=1e-03",0.01,0.1,0.001,reverse_eng,2761,0.35545
"U(0.01,0.1), eps=1e-03",0.01,0.1,0.001,reverse_eng,3331,0.3894
"U(0.01,0.1), eps=1e-03",0.01,0.1,0.001,reverse_eng,4018,0.42565
"U(0.01,0.1), eps=1e-03",0.01,0.1,0.001,reverse_eng,4847,0.4651
"U(0.01,0.1), eps=1e-03",0.01,0.1,0.001,reverse_eng,5847,0.50533
"U(0.01,0.1), eps=1e-03",0.01,0.1,0.001,reverse_eng,7053,0.53025
"U(0.01,0.1), eps=1e-03",0.01,0.1,0.001,reverse_eng,8507,0.58447
"U(0.01,0.1), eps=1e-03",0.01,0.1,0.001,reverse_eng,10262,0.62118
"U(0.01,0.1), eps=1e-03",0.01,0.1,0.001,reverse_eng,12379,0.67232
"U(0.01,0.1), eps=1e-03",0.01,0.1,0.001,reverse_eng,14932,0.71415
"U(0.01,0.1), eps=1e-03",0.01,0.1,0.001,reverse_eng,18012,0.75257
"U(0.01,0.1), eps=1e-03",0.01,0.1,0.001,reverse_eng,21727,0.80192
"U(0.01,0.1), eps=1e-03",0.01,0.1,0.001,reverse_eng,26209,0.8351
"U(0.01,0.1), eps=1e-03",0.01,0.1,0.001,reverse_eng,31614,0.86898
"U(0.01,0.1), eps=1e-03",0.01,0.1,0.001,reverse_eng,38135,0.90475
"U(0.01,0.1), eps=1e-03",0.01,0.1,0.001,reverse_eng,46001,0.92993
"U(0.01,0.1), eps=1e-03",0.01,0.1,0.001,reverse_eng,55489,0.94545
"U(0.01,0.1), eps=1e-03",0.01,0.1,0.001,reverse_eng,66933,0.9638
"U(0.01,0.1), eps=1e-03",0.01,0.1,0.001,reverse_eng,80739,0.9765
"U(0.01,0.1), eps=1e-03",0.01,0.1,0.001,reverse_eng,97391,0.986
"U(0.01,0.1), eps=1e-03",0.01,0.1,0.001,reverse_eng,117479,0.99167
"U(0.01,0.1), eps=1e-03",0.01,0.1,0.001,reverse_eng,141709,0.9949
"U(0.01,0.1), eps=1e-03",0.01,0.1,0.001,reverse_eng,170937,0.9979
"U(0.01,0.1), eps=1e-03",0.01,0.1,0.001,reverse_eng,206193,0.9991
"U(0.01,0.1), eps=1e-03",0.01,0.1,0.001,reverse_eng,248721,0.99935
"U(0.01,0.1), eps=1e-03",0.01,0.1,0.001,reverse_eng,300021,0.99952
"U(0.01,0.1), eps=1e-03",0.01,0.1,0.001,reverse_eng,361901,0.99955
"U(0.01,0.1), eps=1e-03",0.01,0.1,0.001,reverse_eng,436544,0.99955
"U(0.01,0.1), eps=1e-03",0.01,0.1,0.001,reverse_eng,526582,0.99955
"U(0.01,0.1), eps=1e-03",0.01,0.1,0.001,reverse_eng,635191,0.99955
"U(0.01,0.1), eps=1e-03",0.01,0.1,0.001,reverse_eng,766201,0.99955
"U(0.01,0.1), eps=1e-03",0.01,0.1,0.001,reverse_eng,924232,0.99955
"U(0.01,0.1), eps=1e-03",0.01,0.1,0.001,reverse_eng,1114857,0.99955
"U(0.01,0.1), eps=1e-03",0.01,0.1,0.001,reverse_eng,1344800,0.99955
"U(0.01,0.1), eps=1e-03",0.01,0.1,0.001,binary_risk,896,0.17777
"U(0.01,0.1), eps=1e-03",0.01,0.1,0.001,binary_risk,1081,0.20545
"U(0.01,0.1), eps=1e-03",0.01,0.1,0.001,binary_risk,1304,0.23902
"U(0.01,0.1), eps=1e-03",0.01,0.1,0.001,binary_risk,1573,0.2713
"U(0.01,0.1), eps=1e-03",0.01,0.1,0.001,binary_risk,1898,0.30338
"U(0.01,0.1), eps=1e-03",0.01,0.1,0.001,binary_risk,2289,0.32545
"U(0.01,0.1), eps=1e-03",0.01,0.1,0.001,binary_risk,2761,0.36347
"U(0.01,0.1), eps=1e-03",0.01,0.1,0.001,binary_risk,3331,0.39432
"U(0.01,0.1), eps=1e-03",0.01,0.1,0.001,binary_risk,4018,0.43933
"U(0.01,0.1), eps=1e-03",0.01,0.1,0.001,binary_risk,4847,0.48542
"U(0.01,0.1), eps=1e-03",0.01,0.1,0.001,binary_risk,5847,0.5242
"U(0.01,0.1), eps=1e-03",0.01,0.1,0.001,binary_risk,7053,0.5639
"U(0.01,0.1), eps=1e-03",0.01,0.1,0.001,binary_risk,8507,0.61525
"U(0.01,0.1), eps=1e-03",0.01,0.1,0.001,binary_risk,10262,0.6541
"U(0.01,0.1), eps=1e-03",0.01,0.1,0.001,binary_risk,12379,0.70557
"U(0.01,0.1), eps=1e-03",0.01,0.1,0.001,binary_risk,14932,0.74718
"U(0.01,0.1), eps=1e-03",0.01,0.1,0.001,binary_risk,18012,0.78233
"U(0.01,0.1), eps=1e-03",0.01,0.1,0.001,binary_risk,21727,0.82932
"U(0.01,0.1), eps=1e-03",0.01,0.1,0.001,binary_risk,26209,0.85835
"U(0.01,0.1), eps=1e-03",0.01,0.1,0.001,binary_risk,31614,0.89758
"U(0.01,0.1), eps=1e-03",0.01,0.1,0.001,binary_risk,38135,0.9212
"U(0.01,0.1), eps=1e-03",0.01,0.1,0.001,binary_risk,46001,0.94165
"U(0.01,0.1), eps=1e-03",0.01,0.1,0.001,binary_risk,55489,0.96273
"U(0.01,0.1), eps=1e-03",0.01,0.1,0.001,binary_risk,66933,0.97447
"U(0.01,0.1), eps=1e-03",0.01,0.1,0.001,binary_risk,80739,0.98498
"U(0.01,0.1), eps=1e-03",0.01,0.1,0.001,binary_risk,97391,0.99125
"U(0.01,0.1), eps=1e-03",0.01,0.1,0.001,binary_risk,117479,0.99515
"U(0.01,0.1), eps=1e-03",0.01,0.1,0.001,binary_risk,141709,0.99482
"U(0.01,0.1), eps=1e-03",0.01,0.1,0.001,binary_risk,170937,0.99925
"U(0.01,0.1), eps=1e-03",0.01,0.1,0.001,binary_risk,206193,0.99825
"U(0.01,0.1), eps=1e-03",0.01,0.1,0.001,binary_risk,248721,0.9988
"U(0.01,0.1), eps=1e-03",0.01,0.1,0.001,binary_risk,300021,0.99935
"U(0.01,0.1), eps=1e-03",0.01,0.1,0.001,binary_risk,361901,0.99948
"U(0.01,0.1), eps=1e-03",0.01,0.1,0.001,binary_risk,436544,0.99977
"U(0.01,0.1), eps=1e-03",0.01,0.1,0.001,binary_risk,526582,0.99997
"U(0.01,0.1), eps=1e-03",0.01,0.1,0.001,binary_risk,635191,1.0
"U(0.01,0.1), eps=1e-03",0.01,0.1,0.001,binary_risk,766201,1.0
"U(0.01,0.1), eps=1e-03",0.01,0.1,0.001,binary_risk,924232,1.0
"U(0.01,0.1), eps=1e-03",0.01,0.1,0.001,binary_risk,1114857,1.0
"U(0.01,0.1), eps=1e-03",0.01,0.1,0.001,binary_risk,1344800,1.0
"U(0.01,0.1), eps=1e-03",0.01,0.1,0.001,reverse_eng_risk,896,0.17145
"U(0.01,0.1), eps=1e-03",0.01,0.1,0.001,reverse_eng_risk,1081,0.1997
"U(0.01,0.1), eps=1e-03",0.01,0.1,0.001,reverse_eng_risk,1304,0.23265
"U(0.01,0.1), eps=1e-03",0.01,0.1,0.001,reverse_eng_risk,1573,0.26248
"U(0.01,0.1), eps=1e-03",0.01,0.1,0.001,reverse_eng_risk,1898,0.29168
"U(0.01,0.1), eps=1e-03",0.01,0.1,0.001,reverse_eng_risk,2289,0.32808
"U(0.01,0.1), eps=1e-03",0.01,0.1,0.001,reverse_eng_risk,2761,0.36405
"U(0.01,0.1), eps=1e-03",0.01,0.1,0.001,reverse_eng_risk,3331,0.39227
"U(0.01,0.1), eps=1e-03",0.01,0.1,0.001,reverse_eng_risk,4018,0.44612
"U(0.01,0.1), eps=1e-03",0.01,0.1,0.001,reverse_eng_risk,4847,0.48357
"U(0.01,0.1), eps=1e-03",0.01,0.1,0.001,reverse_eng_risk,5847,0.53115
"U(0.01,0.1), eps=1e-03",0.01,0.1,0.001,reverse_eng_risk,7053,0.57695
"U(0.01,0.1), eps=1e-03",0.01,0.1,0.001,reverse_eng_risk,8507,0.62672
"U(0.01,0.1), eps=1e-03",0.01,0.1,0.001,reverse_eng_risk,10262,0.67045
"U(0.01,0.1), eps=1e-03",0.01,0.1,0.001,reverse_eng_risk,12379,0.71413
"U(0.01,0.1), eps=1e-03",0.01,0.1,0.001,reverse_eng_risk,14932,0.75967
"U(0.01,0.1), eps=1e-03",0.01,0.1,0.001,reverse_eng_risk,18012,0.802
"U(0.01,0.1), eps=1e-03",0.01,0.1,0.001,reverse_eng_risk,21727,0.84083
"U(0.01,0.1), eps=1e-03",0.01,0.1,0.001,reverse_eng_risk,26209,0.87925
"U(0.01,0.1), eps=1e-03",0.01,0.1,0.001,reverse_eng_risk,31614,0.90797
"U(0.01,0.1), eps=1e-03",0.01,0.1,0.001,reverse_eng_risk,38135,0.9343
"U(0.01,0.1), eps=1e-03",0.01,0.1,0.001,reverse_eng_risk,46001,0.95475
"U(0.01,0.1), eps=1e-03",0.01,0.1,0.001,reverse_eng_risk,55489,0.97078
"U(0.01,0.1), eps=1e-03",0.01,0.1,0.001,reverse_eng_risk,66933,0.98175
"U(0.01,0.1), eps=1e-03",0.01,0.1,0.001,reverse_eng_risk,80739,0.9901
"U(0.01,0.1), eps=1e-03",0.01,0.1,0.001,reverse_eng_risk,97391,0.99462
"U(0.01,0.1), eps=1e-03",0.01,0.1,0.001,reverse_eng_risk,117479,0.99725
"U(0.01,0.1), eps=1e-03",0.01,0.1,0.001,reverse_eng_risk,141709,0.99862
"U(0.01,0.1), eps=1e-03",0.01,0.1,0.001,reverse_eng_risk,170937,0.99955
"U(0.01,0.1), eps=1e-03",0.01,0.1,0.001,reverse_eng_risk,206193,0.99985
"U(0.01,0.1), eps=1e-03",0.01,0.1,0.001,reverse_eng_risk,248721,0.99997
"U(0.01,0.1), eps=1e-03",0.01,0.1,0.001,reverse_eng_risk,300021,1.0
"U(0.01,0.1), eps=1e-03",0.01,0.1,0.001,reverse_eng_risk,361901,1.0
"U(0.01,0.1), eps=1e-03",0.01,0.1,0.001,reverse_eng_risk,436544,1.0
"U(0.01,0.1), eps=1e-03",0.01,0.1,0.001,reverse_eng_risk,526582,1.0
"U(0.01,0.1), eps=1e-03",0.01,0.1,0.001,reverse_eng_risk,635191,1.0
"U(0.01,0.1), eps=1e-03",0.01,0.1,0.001,reverse_eng_risk,766201,1.0
"U(0.01,0.1), eps=1e-03",0.01,0.1,0.001,reverse_eng_risk,924232,1.0
"U(0.01,0.1), eps=1e-03",0.01,0.1,0.001,reverse_eng_risk,1114857,1.0
"U(0.01,0.1), eps=1e-03",0.01,0.1,0.001,reverse_eng_risk,1344800,1.0
"U(0.001,0.01), eps=1e-03",0.001,0.01,0.001,brute,85,0.0
"U(0.001,0.01), eps=1e-03",0.001,0.01,0.001,brute,103,0.0
"U(0.001,0.01), eps=1e-03",0.001,0.01,0.001,brute,124,0.0
"U(0.001,0.01), eps=1e-03",0.001,0.01,0.001,brute,150,0.0
"U(0.001,0.01), eps=1e-03",0.001,0.01,0.001,brute,181,0.11123
"U(0.001,0.01), eps=1e-03",0.001,0.01,0.001,brute,218,0.11123
"U(0.001,0.01), eps=1e-03",0.001,0.01,0.001,brute,263,0.11123
"U(0.001,0.01), eps=1e-03",0.001,0.01,0.001,brute,318,0.21952
"U(0.001,0.01), eps=1e-03",0.001,0.01,0.001,brute,383,0.21952
"U(0.001,0.01), eps=1e-03",0.001,0.01,0.001,brute,463,0.21952
"U(0.001,0.01), eps=1e-03",0.001,0.01,0.001,brute,558,0.29507
"U(0.001,0.01), eps=1e-03",0.001,0.01,0.001,brute,673,0.3631
"U(0.001,0.01), eps=1e-03",0.001,0.01,0.001,brute,812,0.41685
"U(0.001,0.01), eps=1e-03",0.001,0.01,0.001,brute,980,0.46475
"U(0.001,0.01), eps=1e-03",0.001,0.01,0.001,brute,1182,0.5057
"U(0.001,0.01), eps=1e-03",0.001,0.01,0.001,brute,1426,0.57615
"U(0.001,0.01), eps=1e-03",0.001,0.01,0.001,brute,1720,0.60928
"U(0.001,0.01), eps=1e-03",0.001,0.01,0.001,brute,2075,0.68078
"U(0.001,0.01), eps=1e-03",0.001,0.01,0.001,brute,2504,0.71898
"U(0.001,0.01), eps=1e-03",0.001,0.01,0.001,brute,3020,0.7798
"U(0.001,0.01), eps=1e-03",0.001,0.01,0.001,brute,3643,0.82737
"U(0.001,0.01), eps=1e-03",0.001,0.01,0.001,brute,4395,0.861
"U(0.001,0.01), eps=1e-03",0.001,0.01,0.001,brute,5301,0.8989
"U(0.001,0.01), eps=1e-03",0.001,0.01,0.001,brute,6394,0.93015
"U(0.001,0.01), eps=1e-03",0.001,0.01,0.001,brute,7713,0.95605
"U(0.001,0.01), eps=1e-03",0.001,0.01,0.001,brute,9304,0.97178
"U(0.001,0.01), eps=1e-03",0.001,0.01,0.001,brute,11224,0.98285
"U(0.001,0.01), eps=1e-03",0.001,0.01,0.001,brute,13539,0.9908
"U(0.001,0.01), eps=1e-03",0.001,0.01,0.001,brute,16331,0.99533
"U(0.001,0.01), eps=1e-03",0.001,0.01,0.001,brute,19700,0.9981
"U(0.001,0.01), eps=1e-03",0.001,0.01,0.001,brute,23763,0.99938
"U(0.001,0.01), eps=1e-03",0.001,0.01,0.001,brute,28664,0.99972
"U(0.001,0.01), eps=1e-03",0.001,0.01,0.001,brute,34576,1.0
"U(0.001,0.01), eps=1e-03",0.001,0.01,0.001,brute,41708,1.0
"U(0.001,0.01), eps=1e-03",0.001,0.01,0.001,brute,50310,1.0
"U(0.001,0.01), eps=1e-03",0.001,0.01,0.001,brute,60687,1.0
"U(0.001,0.01), eps=1e-03",0.001,0.01,0.001,brute,73203,1.0
"U(0.001,0.01), eps=1e-03",0.001,0.01,0.001,brute,88302,1.0
"U(0.001,0.01), eps=1e-03",0.001,0.01,0.001,brute,106515,1.0
"U(0.001,0.01), eps=1e-03",0.001,0.01,0.001,brute,128484,1.0
"U(0.001,0.01), eps=1e-03",0.001,0.01,0.001,separable,85,0.0
"U(0.001,0.01), eps=1e-03",0.001,0.01,0.001,separable,103,0.0
"U(0.001,0.01), eps=1e-03",0.001,0.01,0.001,separable,124,0.0
"U(0.001,0.01), eps=1e-03",0.001,0.01,0.001,separable,150,0.0
"U(0.001,0.01), eps=1e-03",0.001,0.01,0.001,separable,181,0.0
"U(0.001,0.01), eps=1e-03",0.001,0.01,0.001,separable,218,0.0
"U(0.001,0.01), eps=1e-03",0.001,0.01,0.001,separable,263,0.0
"U(0.001,0.01), eps=1e-03",0.001,0.01,0.001,separable,318,0.0
"U(0.001,0.01), eps=1e-03",0.001,0.01,0.001,separable,383,0.0
"U(0.001,0.01), eps=1e-03",0.001,0.01,0.001,separable,463,0.0
"U(0.001,0.01), eps=1e-03",0.001,0.01,0.001,separable,558,0.0
"U(0.001,0.01), eps=1e-03",0.001,0.01,0.001,separable,673,0.0
"U(0.001,0.01), eps=1e-03",0.001,0.01,0.001,separable,812,0.0
"U(0.001,0.01), eps=1e-03",0.001,0.01,0.001,separable,980,0.0
"U(0.001,0.01), eps=1e-03",0.001,0.01,0.001,separable,1182,0.0
"U(0.001,0.01), eps=1e-03",0.001,0.01,0.001,separable,1426,0.0
"U(0.001,0.01), eps=1e-03",0.001,0.01,0.001,separable,1720,0.0
"U(0.001,0.01), eps=1e-03",0.001,0.01,0.001,separable,2075,0.0
"U(0.001,0.01), eps=1e-03",0.001,0.01,0.001,separable,2504,0.0
"U(0.001,0.01), eps=1e-03",0.001,0.01,0.001,separable,3020,0.0
"U(0.001,0.01), eps=1e-03",0.001,0.01,0.001,separable,3643,0.0
"U(0.001,0.01), eps=1e-03",0.001,0.01,0.001,separable,4395,0.0
"U(0.001,0.01), eps=1e-03",0.001,0.01,0.001,separable,5301,0.0
"U(0.001,0.01), eps=1e-03",0.001,0.01,0.001,separable,6394,0.0
"U(0.001,0.01), eps=1e-03",0.001,0.01,0.001,separable,7713,0.0
"U(0.001,0.01), eps=1e-03",0.001,0.01,0.001,separable,9304,0.02467
"U(0.001,0.01), eps=1e-03",0.001,0.01,0.001,separable,11224,0.06195
"U(0.001,0.01), eps=1e-03",0.001,0.01,0.001,separable,13539,0.0809
"U(0.001,0.01), eps=1e-03",0.001,0.01,0.001,separable,16331,0.08413
"U(0.001,0.01), eps=1e-03",0.001,0.01,0.001,separable,19700,0.1091
"U(0.001,0.01), eps=1e-03",0.001,0.01,0.001,separable,23763,0.13462
"U(0.001,0.01), eps=1e-03",0.001,0.01,0.001,separable,28664,0.15775
"U(0.001,0.01), eps=1e-03",0.001,0.01,0.001,separable,34576,0.18663
"U(0.001,0.01), eps=1e-03",0.001,0.01,0.001,separable,41708,0.2137
"U(0.001,0.01), eps=1e-03",0.001,0.01,0.001,separable,50310,0.24985
"U(0.001,0.01), eps=1e-03",0.001,0.01,0.001,separable,60687,0.28695
"U(0.001,0.01), eps=1e-03",0.001,0.01,0.001,separable,73203,0.32332
"U(0.001,0.01), eps=1e-03",0.001,0.01,0.001,separable,88302,0.36145
"U(0.001,0.01), eps=1e-03",0.001,0.01,0.001,separable,106515,0.40623
"U(0.001,0.01), eps=1e-03",0.001,0.01,0.001,separable,128484,0.45238
"U(0.001,0.01), eps=1e-03",0.001,0.01,0.001,linear,85,0.0
"U(0.001,0.01), eps=1e-03",0.001,0.01,0.001,linear,103,0.0
"U(0.001,0.01), eps=1e-03",0.001,0.01,0.001,linear,124,0.0
"U(0.001,0.01), eps=1e-03",0.001,0.01,0.001,linear,150,0.0
"U(0.001,0.01), eps=1e-03",0.001,0.01,0.001,linear,181,0.0
"U(0.001,0.01), eps=1e-03",0.001,0.01,0.001,linear,218,0.0
"U(0.001,0.01), eps=1e-03",0.001,0.01,0.001,linear,263,0.0
"U(0.001,0.01), eps=1e-03",0.001,0.01,0.001,linear,318,0.0
"U(0.001,0.01), eps=1e-03",0.001,0.01,0.001,linear,383,0.0
"U(0.001,0.01), eps=1e-03",0.001,0.01,0.001,linear,463,0.0
"U(0.001,0.01), eps=1e-03",0.001,0.01,0.001,linear,558,0.0
"U(0.001,0.01), eps=1e-03",0.001,0.01,0.001,linear,673,0.11085
"U(0.001,0.01), eps=1e-03",0.001,0.01,0.001,linear,812,0.2191
"U(0.001,0.01), eps=1e-03",0.001,0.01,0.001,linear,980,0.2191
"U(0.001,0.01), eps=1e-03",0.001,0.01,0.001,linear,1182,0.29923
"U(0.001,0.01), eps=1e-03",0.001,0.01,0.001,linear,1426,0.3638
"U(0.001,0.01), eps=1e-03",0.001,0.01,0.001,linear,1720,0.4059
"U(0.001,0.01), eps=1e-03",0.001,0.01,0.001,linear,2075,0.4189
"U(0.001,0.01), eps=1e-03",0.001,0.01,0.001,linear,2504,0.54263
"U(0.001,0.01), eps=1e-03",0.001,0.01,0.001,linear,3020,0.55265
"U(0.001,0.01), eps=1e-03",0.001,0.01,0.001,linear,3643,0.64435
"U(0.001,0.01), eps=1e-03",0.001,0.01,0.001,linear,4395,0.72095
"U(0.001,0.01), eps=1e-03",0.001,0.01,0.001,linear,5301,0.79627
"U(0.001,0.01), eps=1e-03",0.001,0.01,0.001,linear,6394,0.85433
"U(0.001,0.01), eps=1e-03",0.001,0.01,0.001,linear,7713,0.90363
"U(0.001,0.01), eps=1e-03",0.001,0.01,0.001,linear,9304,0.94083
"U(0.001,0.01), eps=1e-03",0.001,0.01,0.001,linear,11224,0.96623
"U(0.001,0.01), eps=1e-03",0.001,0.01,0.001,linear,13539,0.9818
"U(0.001,0.01), eps=1e-03",0.001,0.01,0.001,linear,16331,0.9913
"U(0.001,0.01), eps=1e-03",0.001,0.01,0.001,linear,19700,0.99598
"U(0.001,0.01), eps=1e-03",0.001,0.01,0.001,linear,23763,0.9983
"U(0.001,0.01), eps=1e-03",0.001,0.01,0.001,linear,28664,0.9993
"U(0.001,0.01), eps=1e-03",0.001,0.01,0.001,linear,34576,0.99975
"U(0.001,0.01), eps=1e-03",0.001,0.01,0.001,linear,41708,0.99992
"U(0.001,0.01), eps=1e-03",0.001,0.01,0.001,linear,50310,0.99997
"U(0.001,0.01), eps=1e-03",0.001,0.01,0.001,linear,60687,0.99997
"U(0.001,0.01), eps=1e-03",0.001,0.01,0.001,linear,73203,0.99997
"U(0.001,0.01), eps=1e-03",0.001,0.01,0.001,linear,88302,0.99997
"U(0.001,0.01), eps=1e-03",0.001,0.01,0.001,linear,106515,0.99997
"U(0.001,0.01), eps=1e-03",0.001,0.01,0.001,linear,128484,0.99997
"U(0.001,0.01), eps=1e-03",0.001,0.01,0.001,binary,85,0.0
"U(0.001,0.01), eps=1e-03",0.001,0.01,0.001,binary,103,0.0
"U(0.001,0.01), eps=1e-03",0.001,0.01,0.001,binary,124,0.0
"U(0.001,0.01), eps=1e-03",0.001,0.01,0.001,binary,150,0.0
"U(0.001,0.01), eps=1e-03",0.001,0.01,0.001,binary,181,0.0
"U(0.001,0.01), eps=1e-03",0.001,0.01,0.001,binary,218,0.0
"U(0.001,0.01), eps=1e-03",0.001,0.01,0.001,binary,263,0.0
"U(0.001,0.01), eps=1e-03",0.001,0.01,0.001,binary,318,0.0
"U(0.001,0.01), eps=1e-03",0.001,0.01,0.001,binary,383,0.0
"U(0.001,0.01), eps=1e-03",0.001,0.01,0.001,binary,463,0.0
"U(0.001,0.01), eps=1e-03",0.001,0.01,0.001,binary,558,0.0
"U(0.001,0.01), eps=1e-03",0.001,0.01,0.001,binary,673,0.0
"U(0.001,0.01), eps=1e-03",0.001,0.01,0.001,binary,812,0.0
"U(0.001,0.01), eps=1e-03",0.001,0.01,0.001,binary,980,0.0
"U(0.001,0.01), eps=1e-03",0.001,0.01,0.001,binary,1182,0.0
"U(0.001,0.01), eps=1e-03",0.001,0.01,0.001,binary,1426,0.0
"U(0.001,0.01), eps=1e-03",0.001,0.01,0.001,binary,1720,0.0
"U(0.001,0.01), eps=1e-03",0.001,0.01,0.001,binary,2075,0.0
"U(0.001,0.01), eps=1e-03",0.001,0.01,0.001,binary,2504,0.0
"U(0.001,0.01), eps=1e-03",0.001,0.01,0.001,binary,3020,0.0
"U(0.001,0.01), eps=1e-03",0.001,0.01,0.001,binary,3643,0.0
"U(0.001,0.01), eps=1e-03",0.001,0.01,0.001,binary,4395,0.16573
"U(0.001,0.01), eps=1e-03",0.001,0.01,0.001,binary,5301,0.16573
"U(0.001,0.01), eps=1e-03",0.001,0.01,0.001,binary,6394,0.16573
"U(0.001,0.01), eps=1e-03",0.001,0.01,0.001,binary,7713,0.1608
"U(0.001,0.01), eps=1e-03",0.001,0.01,0.001,binary,9304,0.1608
"U(0.001,0.01), eps=1e-03",0.001,0.01,0.001,binary,11224,0.1608
"U(0.001,0.01), eps=1e-03",0.001,0.01,0.001,binary,13539,0.1608
"U(0.001,0.01), eps=1e-03",0.001,0.01,0.001,binary,16331,0.1608
"U(0.001,0.01), eps=1e-03",0.001,0.01,0.001,binary,19700,0.1608
"U(0.001,0.01), eps=1e-03",0.001,0.01,0.001,binary,23763,0.2765
"U(0.001,0.01), eps=1e-03",0.001,0.01,0.001,binary,28664,0.27815
"U(0.001,0.01), eps=1e-03",0.001,0.01,0.001,binary,34576,0.41573
"U(0.001,0.01), eps=1e-03",0.001,0.01,0.001,binary,41708,0.55043
"U(0.001,0.01), eps=1e-03",0.001,0.01,0.001,binary,50310,0.73198
"U(0.001,0.01), eps=1e-03",0.001,0.01,0.001,binary,60687,0.80807
"U(0.001,0.01), eps=1e-03",0.001,0.01,0.001,binary,73203,0.91153
"U(0.001,0.01), eps=1e-03",0.001,0.01,0.001,binary,88302,0.95088
"U(0.001,0.01), eps=1e-03",0.001,0.01,0.001,binary,106515,0.97262
"U(0.001,0.01), eps=1e-03",0.001,0.01,0.001,binary,128484,0.98375
"U(0.001,0.01), eps=1e-03",0.001,0.01,0.001,reverse_eng,85,0.0
"U(0.001,0.01), eps=1e-03",0.001,0.01,0.001,reverse_eng,103,0.0
"U(0.001,0.01), eps=1e-03",0.001,0.01,0.001,reverse_eng,124,0.0
"U(0.001,0.01), eps=1e-03",0.001,0.01,0.001,reverse_eng,150,0.0
"U(0.001,0.01), eps=1e-03",0.001,0.01,0.001,reverse_eng,181,0.0
"U(0.001,0.01), eps=1e-03",0.001,0.01,0.001,reverse_eng,218,0.0
"U(0.001,0.01), eps=1e-03",0.001,0.01,0.001,reverse_eng,263,0.0
"U(0.001,0.01), eps=1e-03",0.001,0.01,0.001,reverse_eng,318,0.0
"U(0.001,0.01), eps=1e-03",0.001,0.01,0.001,reverse_eng,383,0.0
"U(0.001,0.01), eps=1e-03",0.001,0.01,0.001,reverse_eng,463,0.0
"U(0.001,0.01), eps=1e-03",0.001,0.01,0.001,reverse_eng,558,0.0
"U(0.001,0.01), eps=1e-03",0.001,0.01,0.001,reverse_eng,673,0.0
"U(0.001,0.01), eps=1e-03",0.001,0.01,0.001,reverse_eng,812,0.0
"U(0.001,0.01), eps=1e-03",0.001,0.01,0.001,reverse_eng,980,0.0
"U(0.001,0.01), eps=1e-03",0.001,0.01,0.001,reverse_eng,1182,0.0
"U(0.001,0.01), eps=1e-03",0.001,0.01,0.001,reverse_eng,1426,0.0
"U(0.001,0.01), eps=1e-03",0.001,0.01,0.001,reverse_eng,1720,0.0
"U(0.001,0.01), eps=1e-03",0.001,0.01,0.001,reverse_eng,2075,0.0
"U(0.001,0.01), eps=1e-03",0.001,0.01,0.001,reverse_eng,2504,0.0
"U(0.001,0.01), eps=1e-03",0.001,0.01,0.001,reverse_eng,3020,0.0
"U(0.001,0.01), eps=1e-03",0.001,0.01,0.001,reverse_eng,3643,0.56903
"U(0.001,0.01), eps=1e-03",0.001,0.01,0.001,reverse_eng,4395,0.7434
"U(0.001,0.01), eps=1e-03",0.001,0.01,0.001,reverse_eng,5301,0.78075
"U(0.001,0.01), eps=1e-03",0.001,0.01,0.001,reverse_eng,6394,0.82158
"U(0.001,0.01), eps=1e-03",0.001,0.01,0.001,reverse_eng,7713,0.8716
"U(0.001,0.01), eps=1e-03",0.001,0.01,0.001,reverse_eng,9304,0.91
"U(0.001,0.01), eps=1e-03",0.001,0.01,0.001,reverse_eng,11224,0.93493
"U(0.001,0.01), eps=1e-03",0.001,0.01,0.001,reverse_eng,13539,0.95595
"U(0.001,0.01), eps=1e-03",0.001,0.01,0.001,reverse_eng,16331,0.97062
"U(0.001,0.01), eps=1e-03",0.001,0.01,0.001,reverse_eng,19700,0.98145
"U(0.001,0.01), eps=1e-03",0.001,0.01,0.001,reverse_eng,23763,0.98903
"U(0.001,0.01), eps=1e-03",0.001,0.01,0.001,reverse_eng,28664,0.99392
"U(0.001,0.01), eps=1e-03",0.001,0.01,0.001,reverse_eng,34576,0.9957
"U(0.001,0.01), eps=1e-03",0.001,0.01,0.001,reverse_eng,41708,0.99745
"U(0.001,0.01), eps=1e-03",0.001,0.01,0.001,reverse_eng,50310,0.99865
"U(0.001,0.01), eps=1e-03",0.001,0.01,0.001,reverse_eng,60687,0.99908
"U(0.001,0.01), eps=1e-03",0.001,0.01,0.001,reverse_eng,73203,0.9991
"U(0.001,0.01), eps=1e-03",0.001,0.01,0.001,reverse_eng,88302,0.9991
"U(0.001,0.01), eps=1e-03",0.001,0.01,0.001,reverse_eng,106515,0.99913
"U(0.001,0.01), eps=1e-03",0.001,0.01,0.001,reverse_eng,128484,0.99913
"U(0.001,0.01), eps=1e-03",0.001,0.01,0.001,binary_risk,85,0.0
"U(0.001,0.01), eps=1e-03",0.001,0.01,0.001,binary_risk,103,0.0
"U(0.001,0.01), eps=1e-03",0.001,0.01,0.001,binary_risk,124,0.0
"U(0.001,0.01), eps=1e-03",0.001,0.01,0.001,binary_risk,150,0.0
"U(0.001,0.01), eps=1e-03",0.001,0.01,0.001,binary_risk,181,0.0
"U(0.001,0.01), eps=1e-03",0.001,0.01,0.001,binary_risk,218,0.0
"U(0.001,0.01), eps=1e-03",0.001,0.01,0.001,binary_risk,263,0.0
"U(0.001,0.01), eps=1e-03",0.001,0.01,0.001,binary_risk,318,0.0
"U(0.001,0.01), eps=1e-03",0.001,0.01,0.001,binary_risk,383,0.0
"U(0.001,0.01), eps=1e-03",0.001,0.01,0.001,binary_risk,463,0.0
"U(0.001,0.01), eps=1e-03",0.001,0.01,0.001,binary_risk,558,0.0
"U(0.001,0.01), eps=1e-03",0.001,0.01,0.001,binary_risk,673,0.0
"U(0.001,0.01), eps=1e-03",0.001,0.01,0.001,binary_risk,812,0.0
"U(0.001,0.01), eps=1e-03",0.001,0.01,0.001,binary_risk,980,0.0
"U(0.001,0.01), eps=1e-03",0.001,0.01,0.001,binary_risk,1182,0.0
"U(0.001,0.01), eps=1e-03",0.001,0.01,0.001,binary_risk,1426,0.0
"U(0.001,0.01), eps=1e-03",0.001,0.01,0.001,binary_risk,1720,0.0
"U(0.001,0.01), eps=1e-03",0.001,0.01,0.001,binary_risk,2075,0.0
"U(0.001,0.01), eps=1e-03",0.001,0.01,0.001,binary_risk,2504,0.0
"U(0.001,0.01), eps=1e-03",0.001,0.01,0.001,binary_risk,3020,0.0
"U(0.001,0.01), eps=1e-03",0.001,0.01,0.001,binary_risk,3643,0.28077
"U(0.001,0.01), eps=1e-03",0.001,0.01,0.001,binary_risk,4395,0.56037
"U(0.001,0.01), eps=1e-03",0.001,0.01,0.001,binary_risk,5301,0.74475
"U(0.001,0.01), eps=1e-03",0.001,0.01,0.001,binary_risk,6394,0.85165
"U(0.001,0.01), eps=1e-03",0.001,0.01,0.001,binary_risk,7713,0.915
"U(0.001,0.01), eps=1e-03",0.001,0.01,0.001,binary_risk,9304,0.95327
"U(0.001,0.01), eps=1e-03",0.001,0.01,0.001,binary_risk,11224,0.97603
"U(0.001,0.01), eps=1e-03",0.001,0.01,0.001,binary_risk,13539,0.98925
"U(0.001,0.01), eps=1e-03",0.001,0.01,0.001,binary_risk,16331,0.9953
"U(0.001,0.01), eps=1e-03",0.001,0.01,0.001,binary_risk,19700,0.99805
"U(0.001,0.01), eps=1e-03",0.001,0.01,0.001,binary_risk,23763,0.9993
"U(0.001,0.01), eps=1e-03",0.001,0.01,0.001,binary_risk,28664,0.99962
"U(0.001,0.01), eps=1e-03",0.001,0.01,0.001,binary_risk,34576,0.9999
"U(0.001,0.01), eps=1e-03",0.001,0.01,0.001,binary_risk,41708,0.99995
"U(0.001,0.01), eps=1e-03",0.001,0.01,0.001,binary_risk,50310,1.0
"U(0.001,0.01), eps=1e-03",0.001,0.01,0.001,binary_risk,60687,1.0
"U(0.001,0.01), eps=1e-03",0.001,0.01,0.001,binary_risk,73203,1.0
"U(0.001,0.01), eps=1e-03",0.001,0.01,0.001,binary_risk,88302,0.99992
"U(0.001,0.01), eps=1e-03",0.001,0.01,0.001,binary_risk,106515,0.99997
"U(0.001,0.01), eps=1e-03",0.001,0.01,0.001,binary_risk,128484,1.0
"U(0.001,0.01), eps=1e-03",0.001,0.01,0.001,reverse_eng_risk,85,0.0
"U(0.001,0.01), eps=1e-03",0.001,0.01,0.001,reverse_eng_risk,103,0.0
"U(0.001,0.01), eps=1e-03",0.001,0.01,0.001,reverse_eng_risk,124,0.0
"U(0.001,0.01), eps=1e-03",0.001,0.01,0.001,reverse_eng_risk,150,0.0
"U(0.001,0.01), eps=1e-03",0.001,0.01,0.001,reverse_eng_risk,181,0.0
"U(0.001,0.01), eps=1e-03",0.001,0.01,0.001,reverse_eng_risk,218,0.0
"U(0.001,0.01), eps=1e-03",0.001,0.01,0.001,reverse_eng_risk,263,0.0
"U(0.001,0.01), eps=1e-03",0.001,0.01,0.001,reverse_eng_risk,318,0.0
"U(0.001,0.01), eps=1e-03",0.001,0.01,0.001,reverse_eng_risk,383,0.0
"U(0.001,0.01), eps=1e-03",0.001,0.01,0.001,reverse_eng_risk,463,0.0
"U(0.001,0.01), eps=1e-03",0.001,0.01,0.001,reverse_eng_risk,558,0.0
"U(0.001,0.01), eps=1e-03",0.001,0.01,0.001,reverse_eng_risk,673,0.0
"U(0.001,0.01), eps=1e-03",0.001,0.01,0.001,reverse_eng_risk,812,0.0
"U(0.001,0.01), eps=1e-03",0.001,0.01,0.001,reverse_eng_risk,980,0.0
"U(0.001,0.01), eps=1e-03",0.001,0.01,0.001,reverse_eng_risk,1182,0.0
"U(0.001,0.01), eps=1e-03",0.001,0.01,0.001,reverse_eng_risk,1426,0.0
"U(0.001,0.01), eps=1e-03",0.001,0.01,0.001,reverse_eng_risk,1720,0.0
"U(0.001,0.01), eps=1e-03",0.001,0.01,0.001,reverse_eng_risk,2075,0.0
"U(0.001,0.01), eps=1e-03",0.001,0.01,0.001,reverse_eng_risk,2504,0.0
"U(0.001,0.01), eps=1e-03",0.001,0.01,0.001,reverse_eng_risk,3020,0.0
"U(0.001,0.01), eps=1e-03",0.001,0.01,0.001,reverse_eng_risk,3643,0.28077
"U(0.001,0.01), eps=1e-03",0.001,0.01,0.001,reverse_eng_risk,4395,0.53497
"U(0.001,0.01), eps=1e-03",0.001,0.01,0.001,reverse_eng_risk,5301,0.70673
"U(0.001,0.01), eps=1e-03",0.001,0.01,0.001,reverse_eng_risk,6394,0.81053
"U(0.001,0.01), eps=1e-03",0.001,0.01,0.001,reverse_eng_risk,7713,0.88828
"U(0.001,0.01), eps=1e-03",0.001,0.01,0.001,reverse_eng_risk,9304,0.9352
"U(0.001,0.01), eps=1e-03",0.001,0.01,0.001,reverse_eng_risk,11224,0.96545
"U(0.001,0.01), eps=1e-03",0.001,0.01,0.001,reverse_eng_risk,13539,0.98047
"U(0.001,0.01), eps=1e-03",0.001,0.01,0.001,reverse_eng_risk,16331,0.99128
"U(0.001,0.01), eps=1e-03",0.001,0.01,0.001,reverse_eng_risk,19700,0.9945
"U(0.001,0.01), eps=1e-03",0.001,0.01,0.001,reverse_eng_risk,23763,0.99852
"U(0.001,0.01), eps=1e-03",0.001,0.01,0.001,reverse_eng_risk,28664,0.9991
"U(0.001,0.01), eps=1e-03",0.001,0.01,0.001,reverse_eng_risk,34576,0.9997
"U(0.001,0.01), eps=1e-03",0.001,0.01,0.001,reverse_eng_risk,41708,0.99992
"U(0.001,0.01), eps=1e-03",0.001,0.01,0.001,reverse_eng_risk,50310,0.99997
"U(0.001,0.01), eps=1e-03",0.001,0.01,0.001,reverse_eng_risk,60687,1.0
"U(0.001,0.01), eps=1e-03",0.001,0.01,0.001,reverse_eng_risk,73203,1.0
"U(0.001,0.01), eps=1e-03",0.001,0.01,0.001,reverse_eng_risk,88302,1.0
"U(0.001,0.01), eps=1e-03",0.001,0.01,0.001,reverse_eng_risk,106515,1.0
"U(0.001,0.01), eps=1e-03",0.001,0.01,0.001,reverse_eng_risk,128484,1.0
"U(0.01,0.1), eps=1e-04",0.01,0.1,0.0001,brute,89653,0.18395
"U(0.01,0.1), eps=1e-04",0.01,0.1,0.0001,brute,108144,0.20197
"U(0.01,0.1), eps=1e-04",0.01,0.1,0.0001,brute,130449,0.2213
"U(0.01,0.1), eps=1e-04",0.01,0.1,0.0001,brute,157355,0.243
"U(0.01,0.1), eps=1e-04",0.01,0.1,0.0001,brute,189810,0.26435
"U(0.01,0.1), eps=1e-04",0.01,0.1,0.0001,brute,228958,0.28825
"U(0.01,0.1), eps=1e-04",0.01,0.1,0.0001,brute,276182,0.31603
"U(0.01,0.1), eps=1e-04",0.01,0.1,0.0001,brute,333145,0.34518
"U(0.01,0.1), eps=1e-04",0.01,0.1,0.0001,brute,401857,0.37605
"U(0.01,0.1), eps=1e-04",0.01,0.1,0.0001,brute,484741,0.41155
"U(0.01,0.1), eps=1e-04",0.01,0.1,0.0001,brute,584721,0.44672
"U(0.01,0.1), eps=1e-04",0.01,0.1,0.0001,brute,705321,0.48597
"U(0.01,0.1), eps=1e-04",0.01,0.1,0.0001,brute,850795,0.52417
"U(0.01,0.1), eps=1e-04",0.01,0.1,0.0001,brute,1026274,0.56705
"U(0.01,0.1), eps=1e-04",0.01,0.1,0.0001,brute,1237946,0.61157
"U(0.01,0.1), eps=1e-04",0.01,0.1,0.0001,brute,1493275,0.65717
"U(0.01,0.1), eps=1e-04",0.01,0.1,0.0001,brute,1801267,0.70285
"U(0.01,0.1), eps=1e-04",0.01,0.1,0.0001,brute,2172783,0.74792
"U(0.01,0.1), eps=1e-04",0.01,0.1,0.0001,brute,2620925,0.79258
"U(0.01,0.1), eps=1e-04",0.01,0.1,0.0001,brute,3161498,0.8332
"U(0.01,0.1), eps=1e-04",0.01,0.1,0.0001,brute,3813565,0.87072
"U(0.01,0.1), eps=1e-04",0.01,0.1,0.0001,brute,4600122,0.9037
"U(0.01,0.1), eps=1e-04",0.01,0.1,0.0001,brute,5548909,0.93225
"U(0.01,0.1), eps=1e-04",0.01,0.1,0.0001,brute,6693386,0.95432
"U(0.01,0.1), eps=1e-04",0.01,0.1,0.0001,brute,8073914,0.97152
"U(0.01,0.1), eps=1e-04",0.01,0.1,0.0001,brute,9739179,0.98398
"U(0.01,0.1), eps=1e-04",0.01,0.1,0.0001,brute,11747910,0.9925
"U(0.01,0.1), eps=1e-04",0.01,0.1,0.0001,brute,14170946,0.99677
"U(0.01,0.1), eps=1e-04",0.01,0.1,0.0001,brute,17093739,0.99875
"U(0.01,0.1), eps=1e-04",0.01,0.1,0.0001,brute,20619366,0.99972
"U(0.01,0.1), eps=1e-04",0.01,0.1,0.0001,brute,24872163,0.99992
"U(0.01,0.1), eps=1e-04",0.01,0.1,0.0001,brute,30002110,1.0
"U(0.01,0.1), eps=1e-04",0.01,0.1,0.0001,brute,36190121,1.0
"U(0.01,0.1), eps=1e-04",0.01,0.1,0.0001,brute,43654425,1.0
"U(0.01,0.1), eps=1e-04",0.01,0.1,0.0001,brute,52658261,1.0
"U(0.01,0.1), eps=1e-04",0.01,0.1,0.0001,brute,63519160,1.0
"U(0.01,0.1), eps=1e-04",0.01,0.1,0.0001,brute,76620148,1.0
"U(0.01,0.1), eps=1e-04",0.01,0.1,0.0001,brute,92423247,1.0
"U(0.01,0.1), eps=1e-04",0.01,0.1,0.0001,brute,111485776,1.0
"U(0.01,0.1), eps=1e-04",0.01,0.1,0.0001,brute,134480000,1.0
"U(0.01,0.1), eps=1e-04",0.01,0.1,0.0001,separable,89653,0.04775
"U(0.01,0.1), eps=1e-04",0.01,0.1,0.0001,separable,108144,0.05208
"U(0.01,0.1), eps=1e-04",0.01,0.1,0.0001,separable,130449,0.05702
"U(0.01,0.1), eps=1e-04",0.01,0.1,0.0001,separable,157355,0.0637
"U(0.01,0.1), eps=1e-04",0.01,0.1,0.0001,separable,189810,0.06907
"U(0.01,0.1), eps=1e-04",0.01,0.1,0.0001,separable,228958,0.0774
"U(0.01,0.1), eps=1e-04",0.01,0.1,0.0001,separable,276182,0.08565
"U(0.01,0.1), eps=1e-04",0.01,0.1,0.0001,separable,333145,0.0944
"U(0.01,0.1), eps=1e-04",0.01,0.1,0.0001,separable,401857,0.10182
"U(0.01,0.1), eps=1e-04",0.01,0.1,0.0001,separable,484741,0.11105
"U(0.01,0.1), eps=1e-04",0.01,0.1,0.0001,separable,584721,0.12268
"U(0.01,0.1), eps=1e-04",0.01,0.1,0.0001,separable,705321,0.13405
"U(0.01,0.1), eps=1e-04",0.01,0.1,0.0001,separable,850795,0.14765
"U(0.01,0.1), eps=1e-04",0.01,0.1,0.0001,separable,1026274,0.16153
"U(0.01,0.1), eps=1e-04",0.01,0.1,0.0001,separable,1237946,0.17647
"U(0.01,0.1), eps=1e-04",0.01,0.1,0.0001,separable,1493275,0.19345
"U(0.01,0.1), eps=1e-04",0.01,0.1,0.0001,separable,1801267,0.21233
"U(0.01,0.1), eps=1e-04",0.01,0.1,0.0001,separable,2172783,0.23155
"U(0.01,0.1), eps=1e-04",0.01,0.1,0.0001,separable,2620925,0.25285
"U(0.01,0.1), eps=1e-04",0.01,0.1,0.0001,separable,3161498,0.27875
"U(0.01,0.1), eps=1e-04",0.01,0.1,0.0001,separable,3813565,0.30435
"U(0.01,0.1), eps=1e-04",0.01,0.1,0.0001,separable,4600122,0.33345
"U(0.01,0.1), eps=1e-04",0.01,0.1,0.0001,separable,5548909,0.3626
"U(0.01,0.1), eps=1e-04",0.01,0.1,0.0001,separable,6693386,0.3949
"U(0.01,0.1), eps=1e-04",0.01,0.1,0.0001,separable,8073914,0.4305
"U(0.01,0.1), eps=1e-04",0.01,0.1,0.0001,separable,9739179,0.46823
"U(0.01,0.1), eps=1e-04",0.01,0.1,0.0001,separable,11747910,0.5071
"U(0.01,0.1), eps=1e-04",0.01,0.1,0.0001,separable,14170946,0.54748
"U(0.01,0.1), eps=1e-04",0.01,0.1,0.0001,separable,17093739,0.59175
"U(0.01,0.1), eps=1e-04",0.01,0.1,0.0001,separable,20619366,0.63672
"U(0.01,0.1), eps=1e-04",0.01,0.1,0.0001,separable,24872163,0.6827
"U(0.01,0.1), eps=1e-04",0.01,0.1,0.0001,separable,30002110,0.72762
"U(0.01,0.1), eps=1e-04",0.01,0.1,0.0001,separable,36190121,0.77295
"U(0.01,0.1), eps=1e-04",0.01,0.1,0.0001,separable,43654425,0.81703
"U(0.01,0.1), eps=1e-04",0.01,0.1,0.0001,separable,52658261,0.85493
"U(0.01,0.1), eps=1e-04",0.01,0.1,0.0001,separable,63519160,0.8911
"U(0.01,0.1), eps=1e-04",0.01,0.1,0.0001,separable,76620148,0.92102
"U(0.01,0.1), eps=1e-04",0.01,0.1,0.0001,separable,92423247,0.94588
"U(0.01,0.1), eps=1e-04",0.01,0.1,0.0001,separable,111485776,0.96457
"U(0.01,0.1), eps=1e-04",0.01,0.1,0.0001,separable,134480000,0.97933
"U(0.01,0.1), eps=1e-04",0.01,0.1,0.0001,linear,89653,0.20993
"U(0.01,0.1), eps=1e-04",0.01,0.1,0.0001,linear,108144,0.23147
"U(0.01,0.1), eps=1e-04",0.01,0.1,0.0001,linear,130449,0.24773
"U(0.01,0.1), eps=1e-04",0.01,0.1,0.0001,linear,157355,0.29605
"U(0.01,0.1), eps=1e-04",0.01,0.1,0.0001,linear,189810,0.3164
"U(0.01,0.1), eps=1e-04",0.01,0.1,0.0001,linear,228958,0.34705
"U(0.01,0.1), eps=1e-04",0.01,0.1,0.0001,linear,276182,0.38498
"U(0.01,0.1), eps=1e-04",0.01,0.1,0.0001,linear,333145,0.42033
"U(0.01,0.1), eps=1e-04",0.01,0.1,0.0001,linear,401857,0.45367
"U(0.01,0.1), eps=1e-04",0.01,0.1,0.0001,linear,484741,0.49948
"U(0.01,0.1), eps=1e-04",0.01,0.1,0.0001,linear,584721,0.53753
"U(0.01,0.1), eps=1e-04",0.01,0.1,0.0001,linear,705321,0.5833
"U(0.01,0.1), eps=1e-04",0.01,0.1,0.0001,linear,850795,0.63065
"U(0.01,0.1), eps=1e-04",0.01,0.1,0.0001,linear,1026274,0.67358
"U(0.01,0.1), eps=1e-04",0.01,0.1,0.0001,linear,1237946,0.7194
"U(0.01,0.1), eps=1e-04",0.01,0.1,0.0001,linear,1493275,0.76287
"U(0.01,0.1), eps=1e-04",0.01,0.1,0.0001,linear,1801267,0.8028
"U(0.01,0.1), eps=1e-04",0.01,0.1,0.0001,linear,2172783,0.84022
"U(0.01,0.1), eps=1e-04",0.01,0.1,0.0001,linear,2620925,0.87162
"U(0.01,0.1), eps=1e-04",0.01,0.1,0.0001,linear,3161498,0.9013
"U(0.01,0.1), eps=1e-04",0.01,0.1,0.0001,linear,3813565,0.92253
"U(0.01,0.1), eps=1e-04",0.01,0.1,0.0001,linear,4600122,0.94722
"U(0.01,0.1), eps=1e-04",0.01,0.1,0.0001,linear,5548909,0.96393
"U(0.01,0.1), eps=1e-04",0.01,0.1,0.0001,linear,6693386,0.9795
"U(0.01,0.1), eps=1e-04",0.01,0.1,0.0001,linear,8073914,0.98865
"U(0.01,0.1), eps=1e-04",0.01,0.1,0.0001,linear,9739179,0.99355
"U(0.01,0.1), eps=1e-04",0.01,0.1,0.0001,linear,11747910,0.99467
"U(0.01,0.1), eps=1e-04",0.01,0.1,0.0001,linear,14170946,0.9983
"U(0.01,0.1), eps=1e-04",0.01,0.1,0.0001,linear,17093739,0.99875
"U(0.01,0.1), eps=1e-04",0.01,0.1,0.0001,linear,20619366,0.99867
"U(0.01,0.1), eps=1e-04",0.01,0.1,0.0001,linear,24872163,0.99965
"U(0.01,0.1), eps=1e-04",0.01,0.1,0.0001,linear,30002110,0.99992
"U(0.01,0.1), eps=1e-04",0.01,0.1,0.0001,linear,36190121,0.99995
"U(0.01,0.1), eps=1e-04",0.01,0.1,0.0001,linear,43654425,0.99995
"U(0.01,0.1), eps=1e-04",0.01,0.1,0.0001,linear,52658261,0.99995
"U(0.01,0.1), eps=1e-04",0.01,0.1,0.0001,linear,63519160,0.99995
"U(0.01,0.1), eps=1e-04",0.01,0.1,0.0001,linear,76620148,0.99995
"U(0.01,0.1), eps=1e-04",0.01,0.1,0.0001,linear,92423247,0.99995
"U(0.01,0.1), eps=1e-04",0.01,0.1,0.0001,linear,111485776,0.99995
"U(0.01,0.1), eps=1e-04",0.01,0.1,0.0001,linear,134480000,0.99995
"U(0.01,0.1), eps=1e-04",0.01,0.1,0.0001,binary,89653,0.1989
"U(0.01,0.1), eps=1e-04",0.01,0.1,0.0001,binary,108144,0.22235
"U(0.01,0.1), eps=1e-04",0.01,0.1,0.0001,binary,130449,0.2473
"U(0.01,0.1), eps=1e-04",0.01,0.1,0.0001,binary,157355,0.27265
"U(0.01,0.1), eps=1e-04",0.01,0.1,0.0001,binary,189810,0.29375
"U(0.01,0.1), eps=1e-04",0.01,0.1,0.0001,binary,228958,0.32703
"U(0.01,0.1), eps=1e-04",0.01,0.1,0.0001,binary,276182,0.35823
"U(0.01,0.1), eps=1e-04",0.01,0.1,0.0001,binary,333145,0.39575
"U(0.01,0.1), eps=1e-04",0.01,0.1,0.0001,binary,401857,0.43343
"U(0.01,0.1), eps=1e-04",0.01,0.1,0.0001,binary,484741,0.47833
"U(0.01,0.1), eps=1e-04",0.01,0.1,0.0001,binary,584721,0.52167
"U(0.01,0.1), eps=1e-04",0.01,0.1,0.0001,binary,705321,0.56355
"U(0.01,0.1), eps=1e-04",0.01,0.1,0.0001,binary,850795,0.6078
"U(0.01,0.1), eps=1e-04",0.01,0.1,0.0001,binary,1026274,0.65492
"U(0.01,0.1), eps=1e-04",0.01,0.1,0.0001,binary,1237946,0.69668
"U(0.01,0.1), eps=1e-04",0.01,0.1,0.0001,binary,1493275,0.73903
"U(0.01,0.1), eps=1e-04",0.01,0.1,0.0001,binary,1801267,0.78105
"U(0.01,0.1), eps=1e-04",0.01,0.1,0.0001,binary,2172783,0.82075
"U(0.01,0.1), eps=1e-04",0.01,0.1,0.0001,binary,2620925,0.85347
"U(0.01,0.1), eps=1e-04",0.01,0.1,0.0001,binary,3161498,0.88872
"U(0.01,0.1), eps=1e-04",0.01,0.1,0.0001,binary,3813565,0.91407
"U(0.01,0.1), eps=1e-04",0.01,0.1,0.0001,binary,4600122,0.94137
"U(0.01,0.1), eps=1e-04",0.01,0.1,0.0001,binary,5548909,0.95962
"U(0.01,0.1), eps=1e-04",0.01,0.1,0.0001,binary,6693386,0.97165
"U(0.01,0.1), eps=1e-04",0.01,0.1,0.0001,binary,8073914,0.98205
"U(0.01,0.1), eps=1e-04",0.01,0.1,0.0001,binary,9739179,0.98905
"U(0.01,0.1), eps=1e-04",0.01,0.1,0.0001,binary,11747910,0.99415
"U(0.01,0.1), eps=1e-04",0.01,0.1,0.0001,binary,14170946,0.9966
"U(0.01,0.1), eps=1e-04",0.01,0.1,0.0001,binary,17093739,0.99862
"U(0.01,0.1), eps=1e-04",0.01,0.1,0.0001,binary,20619366,0.9983
"U(0.01,0.1), eps=1e-04",0.01,0.1,0.0001,binary,24872163,0.99852
"U(0.01,0.1), eps=1e-04",0.01,0.1,0.0001,binary,30002110,0.9986
"U(0.01,0.1), eps=1e-04",0.01,0.1,0.0001,binary,36190121,0.99865
"U(0.01,0.1), eps=1e-04",0.01,0.1,0.0001,binary,43654425,0.99865
"U(0.01,0.1), eps=1e-04",0.01,0.1,0.0001,binary,52658261,0.99865
"U(0.01,0.1), eps=1e-04",0.01,0.1,0.0001,binary,63519160,0.99865
"U(0.01,0.1), eps=1e-04",0.01,0.1,0.0001,binary,76620148,0.99865
"U(0.01,0.1), eps=1e-04",0.01,0.1,0.0001,binary,92423247,0.99865
"U(0.01,0.1), eps=1e-04",0.01,0.1,0.0001,binary,111485776,0.99865
"U(0.01,0.1), eps=1e-04",0.01,0.1,0.0001,binary,134480000,0.99865
"U(0.01,0.1), eps=1e-04",0.01,0.1,0.0001,reverse_eng,89653,0.2445
"U(0.01,0.1), eps=1e-04",0.01,0.1,0.0001,reverse_eng,108144,0.27115
"U(0.01,0.1), eps=1e-04",0.01,0.1,0.0001,reverse_eng,130449,0.2945
"U(0.01,0.1), eps=1e-04",0.01,0.1,0.0001,reverse_eng,157355,0.32203
"U(0.01,0.1), eps=1e-04",0.01,0.1,0.0001,reverse_eng,189810,0.3512
"U(0.01,0.1), eps=1e-04",0.01,0.1,0.0001,reverse_eng,228958,0.3823
"U(0.01,0.1), eps=1e-04",0.01,0.1,0.0001,reverse_eng,276182,0.40892
"U(0.01,0.1), eps=1e-04",0.01,0.1,0.0001,reverse_eng,333145,0.45535
"U(0.01,0.1), eps=1e-04",0.01,0.1,0.0001,reverse_eng,401857,0.49702
"U(0.01,0.1), eps=1e-04",0.01,0.1,0.0001,reverse_eng,484741,0.52533
"U(0.01,0.1), eps=1e-04",0.01,0.1,0.0001,reverse_eng,584721,0.57252
"U(0.01,0.1), eps=1e-04",0.01,0.1,0.0001,reverse_eng,705321,0.6208
"U(0.01,0.1), eps=1e-04",0.01,0.1,0.0001,reverse_eng,850795,0.6651
"U(0.01,0.1), eps=1e-04",0.01,0.1,0.0001,reverse_eng,1026274,0.70955
"U(0.01,0.1), eps=1e-04",0.01,0.1,0.0001,reverse_eng,1237946,0.7482
"U(0.01,0.1), eps=1e-04",0.01,0.1,0.0001,reverse_eng,1493275,0.7874
"U(0.01,0.1), eps=1e-04",0.01,0.1,0.0001,reverse_eng,1801267,0.82237
"U(0.01,0.1), eps=1e-04",0.01,0.1,0.0001,reverse_eng,2172783,0.86003
"U(0.01,0.1), eps=1e-04",0.01,0.1,0.0001,reverse_eng,2620925,0.8848
"U(0.01,0.1), eps=1e-04",0.01,0.1,0.0001,reverse_eng,3161498,0.91392
"U(0.01,0.1), eps=1e-04",0.01,0.1,0.0001,reverse_eng,3813565,0.93563
"U(0.01,0.1), eps=1e-04",0.01,0.1,0.0001,reverse_eng,4600122,0.95493
"U(0.01,0.1), eps=1e-04",0.01,0.1,0.0001,reverse_eng,5548909,0.97055
"U(0.01,0.1), eps=1e-04",0.01,0.1,0.0001,reverse_eng,6693386,0.98062
"U(0.01,0.1), eps=1e-04",0.01,0.1,0.0001,reverse_eng,8073914,0.99013
"U(0.01,0.1), eps=1e-04",0.01,0.1,0.0001,reverse_eng,9739179,0.99343
"U(0.01,0.1), eps=1e-04",0.01,0.1,0.0001,reverse_eng,11747910,0.99705
"U(0.01,0.1), eps=1e-04",0.01,0.1,0.0001,reverse_eng,14170946,0.9983
"U(0.01,0.1), eps=1e-04",0.01,0.1,0.0001,reverse_eng,17093739,0.9984
"U(0.01,0.1), eps=1e-04",0.01,0.1,0.0001,reverse_eng,20619366,0.99935
"U(0.01,0.1), eps=1e-04",0.01,0.1,0.0001,reverse_eng,24872163,0.99945
"U(0.01,0.1), eps=1e-04",0.01,0.1,0.0001,reverse_eng,30002110,0.99952
"U(0.01,0.1), eps=1e-04",0.01,0.1,0.0001,reverse_eng,36190121,0.99952
"U(0.01,0.1), eps=1e-04",0.01,0.1,0.0001,reverse_eng,43654425,0.99952
"U(0.01,0.1), eps=1e-04",0.01,0.1,0.0001,reverse_eng,52658261,0.99952
"U(0.01,0.1), eps=1e-04",0.01,0.1,0.0001,reverse_eng,63519160,0.99952
"U(0.01,0.1), eps=1e-04",0.01,0.1,0.0001,reverse_eng,76620148,0.99952
"U(0.01,0.1), eps=1e-04",0.01,0.1,0.0001,reverse_eng,92423247,0.99952
"U(0.01,0.1), eps=1e-04",0.01,0.1,0.0001,reverse_eng,111485776,0.99952
"U(0.01,0.1), eps=1e-04",0.01,0.1,0.0001,reverse_eng,134480000,0.99952
"U(0.01,0.1), eps=1e-04",0.01,0.1,0.0001,binary_risk,89653,0.22692
"U(0.01,0.1), eps=1e-04",0.01,0.1,0.0001,binary_risk,108144,0.24005
"U(0.01,0.1), eps=1e-04",0.01,0.1,0.0001,binary_risk,130449,0.2594
"U(0.01,0.1), eps=1e-04",0.01,0.1,0.0001,binary_risk,157355,0.3185
"U(0.01,0.1), eps=1e-04",0.01,0.1,0.0001,binary_risk,189810,0.35185
"U(0.01,0.1), eps=1e-04",0.01,0.1,0.0001,binary_risk,228958,0.37097
"U(0.01,0.1), eps=1e-04",0.01,0.1,0.0001,binary_risk,276182,0.40272
"U(0.01,0.1), eps=1e-04",0.01,0.1,0.0001,binary_risk,333145,0.44155
"U(0.01,0.1), eps=1e-04",0.01,0.1,0.0001,binary_risk,401857,0.4804
"U(0.01,0.1), eps=1e-04",0.01,0.1,0.0001,binary_risk,484741,0.52665
"U(0.01,0.1), eps=1e-04",0.01,0.1,0.0001,binary_risk,584721,0.555
"U(0.01,0.1), eps=1e-04",0.01,0.1,0.0001,binary_risk,705321,0.60472
"U(0.01,0.1), eps=1e-04",0.01,0.1,0.0001,binary_risk,850795,0.6452
"U(0.01,0.1), eps=1e-04",0.01,0.1,0.0001,binary_risk,1026274,0.69017
"U(0.01,0.1), eps=1e-04",0.01,0.1,0.0001,binary_risk,1237946,0.73393
"U(0.01,0.1), eps=1e-04",0.01,0.1,0.0001,binary_risk,1493275,0.77945
"U(0.01,0.1), eps=1e-04",0.01,0.1,0.0001,binary_risk,1801267,0.81715
"U(0.01,0.1), eps=1e-04",0.01,0.1,0.0001,binary_risk,2172783,0.85333
"U(0.01,0.1), eps=1e-04",0.01,0.1,0.0001,binary_risk,2620925,0.88528
"U(0.01,0.1), eps=1e-04",0.01,0.1,0.0001,binary_risk,3161498,0.91263
"U(0.01,0.1), eps=1e-04",0.01,0.1,0.0001,binary_risk,3813565,0.93615
"U(0.01,0.1), eps=1e-04",0.01,0.1,0.0001,binary_risk,4600122,0.95752
"U(0.01,0.1), eps=1e-04",0.01,0.1,0.0001,binary_risk,5548909,0.97357
"U(0.01,0.1), eps=1e-04",0.01,0.1,0.0001,binary_risk,6693386,0.98405
"U(0.01,0.1), eps=1e-04",0.01,0.1,0.0001,binary_risk,8073914,0.99013
"U(0.01,0.1), eps=1e-04",0.01,0.1,0.0001,binary_risk,9739179,0.99423
"U(0.01,0.1), eps=1e-04",0.01,0.1,0.0001,binary_risk,11747910,0.99718
"U(0.01,0.1), eps=1e-04",0.01,0.1,0.0001,binary_risk,14170946,0.99885
"U(0.01,0.1), eps=1e-04",0.01,0.1,0.0001,binary_risk,17093739,0.99895
"U(0.01,0.1), eps=1e-04",0.01,0.1,0.0001,binary_risk,20619366,0.99877
"U(0.01,0.1), eps=1e-04",0.01,0.1,0.0001,binary_risk,24872163,0.9998
"U(0.01,0.1), eps=1e-04",0.01,0.1,0.0001,binary_risk,30002110,0.99985
"U(0.01,0.1), eps=1e-04",0.01,0.1,0.0001,binary_risk,36190121,0.9999
"U(0.01,0.1), eps=1e-04",0.01,0.1,0.0001,binary_risk,43654425,1.0
"U(0.01,0.1), eps=1e-04",0.01,0.1,0.0001,binary_risk,52658261,1.0
"U(0.01,0.1), eps=1e-04",0.01,0.1,0.0001,binary_risk,63519160,1.0
"U(0.01,0.1), eps=1e-04",0.01,0.1,0.0001,binary_risk,76620148,1.0
"U(0.01,0.1), eps=1e-04",0.01,0.1,0.0001,binary_risk,92423247,1.0
"U(0.01,0.1), eps=1e-04",0.01,0.1,0.0001,binary_risk,111485776,1.0
"U(0.01,0.1), eps=1e-04",0.01,0.1,0.0001,binary_risk,134480000,1.0
"U(0.01,0.1), eps=1e-04",0.01,0.1,0.0001,reverse_eng_risk,89653,0.25648
"U(0.01,0.1), eps=1e-04",0.01,0.1,0.0001,reverse_eng_risk,108144,0.28027
"U(0.01,0.1), eps=1e-04",0.01,0.1,0.0001,reverse_eng_risk,130449,0.31062
"U(0.01,0.1), eps=1e-04",0.01,0.1,0.0001,reverse_eng_risk,157355,0.33937
"U(0.01,0.1), eps=1e-04",0.01,0.1,0.0001,reverse_eng_risk,189810,0.3701
"U(0.01,0.1), eps=1e-04",0.01,0.1,0.0001,reverse_eng_risk,228958,0.4062
"U(0.01,0.1), eps=1e-04",0.01,0.1,0.0001,reverse_eng_risk,276182,0.44185
"U(0.01,0.1), eps=1e-04",0.01,0.1,0.0001,reverse_eng_risk,333145,0.47855
"U(0.01,0.1), eps=1e-04",0.01,0.1,0.0001,reverse_eng_risk,401857,0.5164
"U(0.01,0.1), eps=1e-04",0.01,0.1,0.0001,reverse_eng_risk,484741,0.55532
"U(0.01,0.1), eps=1e-04",0.01,0.1,0.0001,reverse_eng_risk,584721,0.59525
"U(0.01,0.1), eps=1e-04",0.01,0.1,0.0001,reverse_eng_risk,705321,0.63892
"U(0.01,0.1), eps=1e-04",0.01,0.1,0.0001,reverse_eng_risk,850795,0.68155
"U(0.01,0.1), eps=1e-04",0.01,0.1,0.0001,reverse_eng_risk,1026274,0.7242
"U(0.01,0.1), eps=1e-04",0.01,0.1,0.0001,reverse_eng_risk,1237946,0.76465
"U(0.01,0.1), eps=1e-04",0.01,0.1,0.0001,reverse_eng_risk,1493275,0.80448
"U(0.01,0.1), eps=1e-04",0.01,0.1,0.0001,reverse_eng_risk,1801267,0.84008
"U(0.01,0.1), eps=1e-04",0.01,0.1,0.0001,reverse_eng_risk,2172783,0.87425
"U(0.01,0.1), eps=1e-04",0.01,0.1,0.0001,reverse_eng_risk,2620925,0.903
"U(0.01,0.1), eps=1e-04",0.01,0.1,0.0001,reverse_eng_risk,3161498,0.92868
"U(0.01,0.1), eps=1e-04",0.01,0.1,0.0001,reverse_eng_risk,3813565,0.94752
"U(0.01,0.1), eps=1e-04",0.01,0.1,0.0001,reverse_eng_risk,4600122,0.96267
"U(0.01,0.1), eps=1e-04",0.01,0.1,0.0001,reverse_eng_risk,5548909,0.97635
"U(0.01,0.1), eps=1e-04",0.01,0.1,0.0001,reverse_eng_risk,6693386,0.98687
"U(0.01,0.1), eps=1e-04",0.01,0.1,0.0001,reverse_eng_risk,8073914,0.99282
"U(0.01,0.1), eps=1e-04",0.01,0.1,0.0001,reverse_eng_risk,9739179,0.996
"U(0.01,0.1), eps=1e-04",0.01,0.1,0.0001,reverse_eng_risk,11747910,0.9978
"U(0.01,0.1), eps=1e-04",0.01,0.1,0.0001,reverse_eng_risk,14170946,0.99895
"U(0.01,0.1), eps=1e-04",0.01,0.1,0.0001,reverse_eng_risk,17093739,0.99972
"U(0.01,0.1), eps=1e-04",0.01,0.1,0.0001,reverse_eng_risk,20619366,0.99987
"U(0.01,0.1), eps=1e-04",0.01,0.1,0.0001,reverse_eng_risk,24872163,0.99992
"U(0.01,0.1), eps=1e-04",0.01,0.1,0.0001,reverse_eng_risk,30002110,0.99995
"U(0.01,0.1), eps=1e-04",0.01,0.1,0.0001,reverse_eng_risk,36190121,0.99997
"U(0.01,0.1), eps=1e-04",0.01,0.1,0.0001,reverse_eng_risk,43654425,1.0
"U(0.01,0.1), eps=1e-04",0.01,0.1,0.0001,reverse_eng_risk,52658261,1.0
"U(0.01,0.1), eps=1e-04",0.01,0.1,0.0001,reverse_eng_risk,63519160,1.0
"U(0.01,0.1), eps=1e-04",0.01,0.1,0.0001,reverse_eng_risk,76620148,1.0
"U(0.01,0.1), eps=1e-04",0.01,0.1,0.0001,reverse_eng_risk,92423247,1.0
"U(0.01,0.1), eps=1e-04",0.01,0.1,0.0001,reverse_eng_risk,111485776,1.0
"U(0.01,0.1), eps=1e-04",0.01,0.1,0.0001,reverse_eng_risk,134480000,1.0
"U(0.001,0.01), eps=1e-04",0.001,0.01,0.0001,brute,8565,0.17465
"U(0.001,0.01), eps=1e-04",0.001,0.01,0.0001,brute,10332,0.1957
"U(0.001,0.01), eps=1e-04",0.001,0.01,0.0001,brute,12463,0.21295
"U(0.001,0.01), eps=1e-04",0.001,0.01,0.0001,brute,15033,0.23385
"U(0.001,0.01), eps=1e-04",0.001,0.01,0.0001,brute,18134,0.25615
"U(0.001,0.01), eps=1e-04",0.001,0.01,0.0001,brute,21875,0.28597
"U(0.001,0.01), eps=1e-04",0.001,0.01,0.0001,brute,26386,0.31275
"U(0.001,0.01), eps=1e-04",0.001,0.01,0.0001,brute,31829,0.3433
"U(0.001,0.01), eps=1e-04",0.001,0.01,0.0001,brute,38394,0.376
"U(0.001,0.01), eps=1e-04",0.001,0.01,0.0001,brute,46312,0.40913
"U(0.001,0.01), eps=1e-04",0.001,0.01,0.0001,brute,55865,0.44567
"U(0.001,0.01), eps=1e-04",0.001,0.01,0.0001,brute,67387,0.48152
"U(0.001,0.01), eps=1e-04",0.001,0.01,0.0001,brute,81286,0.51897
"U(0.001,0.01), eps=1e-04",0.001,0.01,0.0001,brute,98051,0.56355
"U(0.001,0.01), eps=1e-04",0.001,0.01,0.0001,brute,118275,0.60755
"U(0.001,0.01), eps=1e-04",0.001,0.01,0.0001,brute,142669,0.65405
"U(0.001,0.01), eps=1e-04",0.001,0.01,0.0001,brute,172095,0.70095
"U(0.001,0.01), eps=1e-04",0.001,0.01,0.0001,brute,207590,0.74435
"U(0.001,0.01), eps=1e-04",0.001,0.01,0.0001,brute,250406,0.78722
"U(0.001,0.01), eps=1e-04",0.001,0.01,0.0001,brute,302053,0.82755
"U(0.001,0.01), eps=1e-04",0.001,0.01,0.0001,brute,364353,0.86657
"U(0.001,0.01), eps=1e-04",0.001,0.01,0.0001,brute,439502,0.8997
"U(0.001,0.01), eps=1e-04",0.001,0.01,0.0001,brute,530150,0.92832
"U(0.001,0.01), eps=1e-04",0.001,0.01,0.0001,brute,639495,0.95188
"U(0.001,0.01), eps=1e-04",0.001,0.01,0.0001,brute,771393,0.97065
"U(0.001,0.01), eps=1e-04",0.001,0.01,0.0001,brute,930494,0.9834
"U(0.001,0.01), eps=1e-04",0.001,0.01,0.0001,brute,1122411,0.99143
"U(0.001,0.01), eps=1e-04",0.001,0.01,0.0001,brute,1353912,0.99595
"U(0.001,0.01), eps=1e-04",0.001,0.01,0.0001,brute,1633159,0.99833
"U(0.001,0.01), eps=1e-04",0.001,0.01,0.0001,brute,1970003,0.9995
"U(0.001,0.01), eps=1e-04",0.001,0.01,0.0001,brute,2376321,0.99992
"U(0.001,0.01), eps=1e-04",0.001,0.01,0.0001,brute,2866443,0.99997
"U(0.001,0.01), eps=1e-04",0.001,0.01,0.0001,brute,3457654,1.0
"U(0.001,0.01), eps=1e-04",0.001,0.01,0.0001,brute,4170804,1.0
"U(0.001,0.01), eps=1e-04",0.001,0.01,0.0001,brute,5031044,1.0
"U(0.001,0.01), eps=1e-04",0.001,0.01,0.0001,brute,6068709,1.0
"U(0.001,0.01), eps=1e-04",0.001,0.01,0.0001,brute,7320396,1.0
"U(0.001,0.01), eps=1e-04",0.001,0.01,0.0001,brute,8830246,1.0
"U(0.001,0.01), eps=1e-04",0.001,0.01,0.0001,brute,10651507,1.0
"U(0.001,0.01), eps=1e-04",0.001,0.01,0.0001,brute,12848407,1.0
"U(0.001,0.01), eps=1e-04",0.001,0.01,0.0001,separable,8565,0.0
"U(0.001,0.01), eps=1e-04",0.001,0.01,0.0001,separable,10332,0.00838
"U(0.001,0.01), eps=1e-04",0.001,0.01,0.0001,separable,12463,0.00792
"U(0.001,0.01), eps=1e-04",0.001,0.01,0.0001,separable,15033,0.0089
"U(0.001,0.01), eps=1e-04",0.001,0.01,0.0001,separable,18134,0.00827
"U(0.001,0.01), eps=1e-04",0.001,0.01,0.0001,separable,21875,0.0137
"U(0.001,0.01), eps=1e-04",0.001,0.01,0.0001,separable,26386,0.01418
"U(0.001,0.01), eps=1e-04",0.001,0.01,0.0001,separable,31829,0.01922
"U(0.001,0.01), eps=1e-04",0.001,0.01,0.0001,separable,38394,0.0183
"U(0.001,0.01), eps=1e-04",0.001,0.01,0.0001,separable,46312,0.02335
"U(0.001,0.01), eps=1e-04",0.001,0.01,0.0001,separable,55865,0.02662
"U(0.001,0.01), eps=1e-04",0.001,0.01,0.0001,separable,67387,0.02987
"U(0.001,0.01), eps=1e-04",0.001,0.01,0.0001,separable,81286,0.0382
"U(0.001,0.01), eps=1e-04",0.001,0.01,0.0001,separable,98051,0.04022
"U(0.001,0.01), eps=1e-04",0.001,0.01,0.0001,separable,118275,0.04557
"U(0.001,0.01), eps=1e-04",0.001,0.01,0.0001,separable,142669,0.05432
"U(0.001,0.01), eps=1e-04",0.001,0.01,0.0001,separable,172095,0.05945
"U(0.001,0.01), eps=1e-04",0.001,0.01,0.0001,separable,207590,0.06517
"U(0.001,0.01), eps=1e-04",0.001,0.01,0.0001,separable,250406,0.07243
"U(0.001,0.01), eps=1e-04",0.001,0.01,0.0001,separable,302053,0.08155
"U(0.001,0.01), eps=1e-04",0.001,0.01,0.0001,separable,364353,0.09218
"U(0.001,0.01), eps=1e-04",0.001,0.01,0.0001,separable,439502,0.10365
"U(0.001,0.01), eps=1e-04",0.001,0.01,0.0001,separable,530150,0.1157
"U(0.001,0.01), eps=1e-04",0.001,0.01,0.0001,separable,639495,0.12795
"U(0.001,0.01), eps=1e-04",0.001,0.01,0.0001,separable,771393,0.13875
"U(0.001,0.01), eps=1e-04",0.001,0.01,0.0001,separable,930494,0.153
"U(0.001,0.01), eps=1e-04",0.001,0.01,0.0001,separable,1122411,0.1639
"U(0.001,0.01), eps=1e-04",0.001,0.01,0.0001,separable,1353912,0.1808
"U(0.001,0.01), eps=1e-04",0.001,0.01,0.0001,separable,1633159,0.20125
"U(0.001,0.01), eps=1e-04",0.001,0.01,0.0001,separable,1970003,0.22085
"U(0.001,0.01), eps=1e-04",0.001,0.01,0.0001,separable,2376321,0.243
"U(0.001,0.01), eps=1e-04",0.001,0.01,0.0001,separable,2866443,0.26555
"U(0.001,0.01), eps=1e-04",0.001,0.01,0.0001,separable,3457654,0.29137
"U(0.001,0.01), eps=1e-04",0.001,0.01,0.0001,separable,4170804,0.31995
"U(0.001,0.01), eps=1e-04",0.001,0.01,0.0001,separable,5031044,0.3488
"U(0.001,0.01), eps=1e-04",0.001,0.01,0.0001,separable,6068709,0.37983
"U(0.001,0.01), eps=1e-04",0.001,0.01,0.0001,separable,7320396,0.41297
"U(0.001,0.01), eps=1e-04",0.001,0.01,0.0001,separable,8830246,0.44993
"U(0.001,0.01), eps=1e-04",0.001,0.01,0.0001,separable,10651507,0.48833
"U(0.001,0.01), eps=1e-04",0.001,0.01,0.0001,separable,12848407,0.52645
"U(0.001,0.01), eps=1e-04",0.001,0.01,0.0001,linear,8565,0.15715
"U(0.001,0.01), eps=1e-04",0.001,0.01,0.0001,linear,10332,0.1781
"U(0.001,0.01), eps=1e-04",0.001,0.01,0.0001,linear,12463,0.20085
"U(0.001,0.01), eps=1e-04",0.001,0.01,0.0001,linear,15033,0.22598
"U(0.001,0.01), eps=1e-04",0.001,0.01,0.0001,linear,18134,0.24882
"U(0.001,0.01), eps=1e-04",0.001,0.01,0.0001,linear,21875,0.27148
"U(0.001,0.01), eps=1e-04",0.001,0.01,0.0001,linear,26386,0.304
"U(0.001,0.01), eps=1e-04",0.001,0.01,0.0001,linear,31829,0.332
"U(0.001,0.01), eps=1e-04",0.001,0.01,0.0001,linear,38394,0.36702
"U(0.001,0.01), eps=1e-04",0.001,0.01,0.0001,linear,46312,0.4051
"U(0.001,0.01), eps=1e-04",0.001,0.01,0.0001,linear,55865,0.4403
"U(0.001,0.01), eps=1e-04",0.001,0.01,0.0001,linear,67387,0.48205
"U(0.001,0.01), eps=1e-04",0.001,0.01,0.0001,linear,81286,0.52807
"U(0.001,0.01), eps=1e-04",0.001,0.01,0.0001,linear,98051,0.5652
"U(0.001,0.01), eps=1e-04",0.001,0.01,0.0001,linear,118275,0.60272
"U(0.001,0.01), eps=1e-04",0.001,0.01,0.0001,linear,142669,0.65397
"U(0.001,0.01), eps=1e-04",0.001,0.01,0.0001,linear,172095,0.70288
"U(0.001,0.01), eps=1e-04",0.001,0.01,0.0001,linear,207590,0.74918
"U(0.001,0.01), eps=1e-04",0.001,0.01,0.0001,linear,250406,0.805
"U(0.001,0.01), eps=1e-04",0.001,0.01,0.0001,linear,302053,0.83622
"U(0.001,0.01), eps=1e-04",0.001,0.01,0.0001,linear,364353,0.88265
"U(0.001,0.01), eps=1e-04",0.001,0.01,0.0001,linear,439502,0.9175
"U(0.001,0.01), eps=1e-04",0.001,0.01,0.0001,linear,530150,0.94122
"U(0.001,0.01), eps=1e-04",0.001,0.01,0.0001,linear,639495,0.95345
"U(0.001,0.01), eps=1e-04",0.001,0.01,0.0001,linear,771393,0.97515
"U(0.001,0.01), eps=1e-04",0.001,0.01,0.0001,linear,930494,0.987
"U(0.001,0.01), eps=1e-04",0.001,0.01,0.0001,linear,1122411,0.99123
"U(0.001,0.01), eps=1e-04",0.001,0.01,0.0001,linear,1353912,0.99538
"U(0.001,0.01), eps=1e-04",0.001,0.01,0.0001,linear,1633159,0.998
"U(0.001,0.01), eps=1e-04",0.001,0.01,0.0001,linear,1970003,0.999
"U(0.001,0.01), eps=1e-04",0.001,0.01,0.0001,linear,2376321,0.99918
"U(0.001,0.01), eps=1e-04",0.001,0.01,0.0001,linear,2866443,0.99948
"U(0.001,0.01), eps=1e-04",0.001,0.01,0.0001,linear,3457654,0.9995
"U(0.001,0.01), eps=1e-04",0.001,0.01,0.0001,linear,4170804,0.9995
"U(0.001,0.01), eps=1e-04",0.001,0.01,0.0001,linear,5031044,0.99948
"U(0.001,0.01), eps=1e-04",0.001,0.01,0.0001,linear,6068709,0.9995
"U(0.001,0.01), eps=1e-04",0.001,0.01,0.0001,linear,7320396,0.99948
"U(0.001,0.01), eps=1e-04",0.001,0.01,0.0001,linear,8830246,0.9995
"U(0.001,0.01), eps=1e-04",0.001,0.01,0.0001,linear,10651507,0.9995
"U(0.001,0.01), eps=1e-04",0.001,0.01,0.0001,linear,12848407,0.9995
"U(0.001,0.01), eps=1e-04",0.001,0.01,0.0001,binary,8565,0.03805
"U(0.001,0.01), eps=1e-04",0.001,0.01,0.0001,binary,10332,0.04138
"U(0.001,0.01), eps=1e-04",0.001,0.01,0.0001,binary,12463,0.04525
"U(0.001,0.01), eps=1e-04",0.001,0.01,0.0001,binary,15033,0.051
"U(0.001,0.01), eps=1e-04",0.001,0.01,0.0001,binary,18134,0.05572
"U(0.001,0.01), eps=1e-04",0.001,0.01,0.0001,binary,21875,0.05937
"U(0.001,0.01), eps=1e-04",0.001,0.01,0.0001,binary,26386,0.06388
"U(0.001,0.01), eps=1e-04",0.001,0.01,0.0001,binary,31829,0.0675
"U(0.001,0.01), eps=1e-04",0.001,0.01,0.0001,binary,38394,0.07235
"U(0.001,0.01), eps=1e-04",0.001,0.01,0.0001,binary,46312,0.08865
"U(0.001,0.01), eps=1e-04",0.001,0.01,0.0001,binary,55865,0.16675
"U(0.001,0.01), eps=1e-04",0.001,0.01,0.0001,binary,67387,0.1946
"U(0.001,0.01), eps=1e-04",0.001,0.01,0.0001,binary,81286,0.24222
"U(0.001,0.01), eps=1e-04",0.001,0.01,0.0001,binary,98051,0.3211
"U(0.001,0.01), eps=1e-04",0.001,0.01,0.0001,binary,118275,0.39235
"U(0.001,0.01), eps=1e-04",0.001,0.01,0.0001,binary,142669,0.46687
"U(0.001,0.01), eps=1e-04",0.001,0.01,0.0001,binary,172095,0.54627
"U(0.001,0.01), eps=1e-04",0.001,0.01,0.0001,binary,207590,0.59415
"U(0.001,0.01), eps=1e-04",0.001,0.01,0.0001,binary,250406,0.67402
"U(0.001,0.01), eps=1e-04",0.001,0.01,0.0001,binary,302053,0.73075
"U(0.001,0.01), eps=1e-04",0.001,0.01,0.0001,binary,364353,0.7712
"U(0.001,0.01), eps=1e-04",0.001,0.01,0.0001,binary,439502,0.81537
"U(0.001,0.01), eps=1e-04",0.001,0.01,0.0001,binary,530150,0.84608
"U(0.001,0.01), eps=1e-04",0.001,0.01,0.0001,binary,639495,0.87147
"U(0.001,0.01), eps=1e-04",0.001,0.01,0.0001,binary,771393,0.89628
"U(0.001,0.01), eps=1e-04",0.001,0.01,0.0001,binary,930494,0.90902
"U(0.001,0.01), eps=1e-04",0.001,0.01,0.0001,binary,1122411,0.92993
"U(0.001,0.01), eps=1e-04",0.001,0.01,0.0001,binary,1353912,0.9392
"U(0.001,0.01), eps=1e-04",0.001,0.01,0.0001,binary,1633159,0.95315
"U(0.001,0.01), eps=1e-04",0.001,0.01,0.0001,binary,1970003,0.9504
"U(0.001,0.01), eps=1e-04",0.001,0.01,0.0001,binary,2376321,0.96988
"U(0.001,0.01), eps=1e-04",0.001,0.01,0.0001,binary,2866443,0.97183
"U(0.001,0.01), eps=1e-04",0.001,0.01,0.0001,binary,3457654,0.98103
"U(0.001,0.01), eps=1e-04",0.001,0.01,0.0001,binary,4170804,0.9823
"U(0.001,0.01), eps=1e-04",0.001,0.01,0.0001,binary,5031044,0.98657
"U(0.001,0.01), eps=1e-04",0.001,0.01,0.0001,binary,6068709,0.98757
"U(0.001,0.01), eps=1e-04",0.001,0.01,0.0001,binary,7320396,0.99062
"U(0.001,0.01), eps=1e-04",0.001,0.01,0.0001,binary,8830246,0.9967
"U(0.001,0.01), eps=1e-04",0.001,0.01,0.0001,binary,10651507,0.99675
"U(0.001,0.01), eps=1e-04",0.001,0.01,0.0001,binary,12848407,0.99828
"U(0.001,0.01), eps=1e-04",0.001,0.01,0.0001,reverse_eng,8565,0.1593
"U(0.001,0.01), eps=1e-04",0.001,0.01,0.0001,reverse_eng,10332,0.18732
"U(0.001,0.01), eps=1e-04",0.001,0.01,0.0001,reverse_eng,12463,0.2243
"U(0.001,0.01), eps=1e-04",0.001,0.01,0.0001,reverse_eng,15033,0.25457
"U(0.001,0.01), eps=1e-04",0.001,0.01,0.0001,reverse_eng,18134,0.27842
"U(0.001,0.01), eps=1e-04",0.001,0.01,0.0001,reverse_eng,21875,0.30428
"U(0.001,0.01), eps=1e-04",0.001,0.01,0.0001,reverse_eng,26386,0.3474
"U(0.001,0.01), eps=1e-04",0.001,0.01,0.0001,reverse_eng,31829,0.38383
"U(0.001,0.01), eps=1e-04",0.001,0.01,0.0001,reverse_eng,38394,0.42202
"U(0.001,0.01), eps=1e-04",0.001,0.01,0.0001,reverse_eng,46312,0.46005
"U(0.001,0.01), eps=1e-04",0.001,0.01,0.0001,reverse_eng,55865,0.4883
"U(0.001,0.01), eps=1e-04",0.001,0.01,0.0001,reverse_eng,67387,0.5287
"U(0.001,0.01), eps=1e-04",0.001,0.01,0.0001,reverse_eng,81286,0.57837
"U(0.001,0.01), eps=1e-04",0.001,0.01,0.0001,reverse_eng,98051,0.61447
"U(0.001,0.01), eps=1e-04",0.001,0.01,0.0001,reverse_eng,118275,0.66127
"U(0.001,0.01), eps=1e-04",0.001,0.01,0.0001,reverse_eng,142669,0.69637
"U(0.001,0.01), eps=1e-04",0.001,0.01,0.0001,reverse_eng,172095,0.74477
"U(0.001,0.01), eps=1e-04",0.001,0.01,0.0001,reverse_eng,207590,0.79612
"U(0.001,0.01), eps=1e-04",0.001,0.01,0.0001,reverse_eng,250406,0.83398
"U(0.001,0.01), eps=1e-04",0.001,0.01,0.0001,reverse_eng,302053,0.87043
"U(0.001,0.01), eps=1e-04",0.001,0.01,0.0001,reverse_eng,364353,0.90065
"U(0.001,0.01), eps=1e-04",0.001,0.01,0.0001,reverse_eng,439502,0.92743
"U(0.001,0.01), eps=1e-04",0.001,0.01,0.0001,reverse_eng,530150,0.94998
"U(0.001,0.01), eps=1e-04",0.001,0.01,0.0001,reverse_eng,639495,0.96683
"U(0.001,0.01), eps=1e-04",0.001,0.01,0.0001,reverse_eng,771393,0.98003
"U(0.001,0.01), eps=1e-04",0.001,0.01,0.0001,reverse_eng,930494,0.98757
"U(0.001,0.01), eps=1e-04",0.001,0.01,0.0001,reverse_eng,1122411,0.99298
"U(0.001,0.01), eps=1e-04",0.001,0.01,0.0001,reverse_eng,1353912,0.99643
"U(0.001,0.01), eps=1e-04",0.001,0.01,0.0001,reverse_eng,1633159,0.99757
"U(0.001,0.01), eps=1e-04",0.001,0.01,0.0001,reverse_eng,1970003,0.99835
"U(0.001,0.01), eps=1e-04",0.001,0.01,0.0001,reverse_eng,2376321,0.99848
"U(0.001,0.01), eps=1e-04",0.001,0.01,0.0001,reverse_eng,2866443,0.99857
"U(0.001,0.01), eps=1e-04",0.001,0.01,0.0001,reverse_eng,3457654,0.99857
"U(0.001,0.01), eps=1e-04",0.001,0.01,0.0001,reverse_eng,4170804,0.99857
"U(0.001,0.01), eps=1e-04",0.001,0.01,0.0001,reverse_eng,5031044,0.99857
"U(0.001,0.01), eps=1e-04",0.001,0.01,0.0001,reverse_eng,6068709,0.99857
"U(0.001,0.01), eps=1e-04",0.001,0.01,0.0001,reverse_eng,7320396,0.99857
"U(0.001,0.01), eps=1e-04",0.001,0.01,0.0001,reverse_eng,8830246,0.99855
"U(0.001,0.01), eps=1e-04",0.001,0.01,0.0001,reverse_eng,10651507,0.99855
"U(0.001,0.01), eps=1e-04",0.001,0.01,0.0001,reverse_eng,12848407,0.99857
"U(0.001,0.01), eps=1e-04",0.001,0.01,0.0001,binary_risk,8565,0.17445
"U(0.001,0.01), eps=1e-04",0.001,0.01,0.0001,binary_risk,10332,0.20117
"U(0.001,0.01), eps=1e-04",0.001,0.01,0.0001,binary_risk,12463,0.23153
"U(0.001,0.01), eps=1e-04",0.001,0.01,0.0001,binary_risk,15033,0.26343
"U(0.001,0.01), eps=1e-04",0.001,0.01,0.0001,binary_risk,18134,0.29325
"U(0.001,0.01), eps=1e-04",0.001,0.01,0.0001,binary_risk,21875,0.32005
"U(0.001,0.01), eps=1e-04",0.001,0.01,0.0001,binary_risk,26386,0.35923
"U(0.001,0.01), eps=1e-04",0.001,0.01,0.0001,binary_risk,31829,0.38508
"U(0.001,0.01), eps=1e-04",0.001,0.01,0.0001,binary_risk,38394,0.4297
"U(0.001,0.01), eps=1e-04",0.001,0.01,0.0001,binary_risk,46312,0.46553
"U(0.001,0.01), eps=1e-04",0.001,0.01,0.0001,binary_risk,55865,0.51377
"U(0.001,0.01), eps=1e-04",0.001,0.01,0.0001,binary_risk,67387,0.54758
"U(0.001,0.01), eps=1e-04",0.001,0.01,0.0001,binary_risk,81286,0.59835
"U(0.001,0.01), eps=1e-04",0.001,0.01,0.0001,binary_risk,98051,0.6347
"U(0.001,0.01), eps=1e-04",0.001,0.01,0.0001,binary_risk,118275,0.68855
"U(0.001,0.01), eps=1e-04",0.001,0.01,0.0001,binary_risk,142669,0.72305
"U(0.001,0.01), eps=1e-04",0.001,0.01,0.0001,binary_risk,172095,0.7759
"U(0.001,0.01), eps=1e-04",0.001,0.01,0.0001,binary_risk,207590,0.80453
"U(0.001,0.01), eps=1e-04",0.001,0.01,0.0001,binary_risk,250406,0.84837
"U(0.001,0.01), eps=1e-04",0.001,0.01,0.0001,binary_risk,302053,0.87448
"U(0.001,0.01), eps=1e-04",0.001,0.01,0.0001,binary_risk,364353,0.9101
"U(0.001,0.01), eps=1e-04",0.001,0.01,0.0001,binary_risk,439502,0.93793
"U(0.001,0.01), eps=1e-04",0.001,0.01,0.0001,binary_risk,530150,0.95327
"U(0.001,0.01), eps=1e-04",0.001,0.01,0.0001,binary_risk,639495,0.9717
"U(0.001,0.01), eps=1e-04",0.001,0.01,0.0001,binary_risk,771393,0.98033
"U(0.001,0.01), eps=1e-04",0.001,0.01,0.0001,binary_risk,930494,0.99015
"U(0.001,0.01), eps=1e-04",0.001,0.01,0.0001,binary_risk,1122411,0.98695
"U(0.001,0.01), eps=1e-04",0.001,0.01,0.0001,binary_risk,1353912,0.99745
"U(0.001,0.01), eps=1e-04",0.001,0.01,0.0001,binary_risk,1633159,0.9961
"U(0.001,0.01), eps=1e-04",0.001,0.01,0.0001,binary_risk,1970003,0.99967
"U(0.001,0.01), eps=1e-04",0.001,0.01,0.0001,binary_risk,2376321,0.99903
"U(0.001,0.01), eps=1e-04",0.001,0.01,0.0001,binary_risk,2866443,0.99882
"U(0.001,0.01), eps=1e-04",0.001,0.01,0.0001,binary_risk,3457654,0.99975
"U(0.001,0.01), eps=1e-04",0.001,0.01,0.0001,binary_risk,4170804,0.99992
"U(0.001,0.01), eps=1e-04",0.001,0.01,0.0001,binary_risk,5031044,0.99995
"U(0.001,0.01), eps=1e-04",0.001,0.01,0.0001,binary_risk,6068709,1.0
"U(0.001,0.01), eps=1e-04",0.001,0.01,0.0001,binary_risk,7320396,1.0
"U(0.001,0.01), eps=1e-04",0.001,0.01,0.0001,binary_risk,8830246,1.0
"U(0.001,0.01), eps=1e-04",0.001,0.01,0.0001,binary_risk,10651507,1.0
"U(0.001,0.01), eps=1e-04",0.001,0.01,0.0001,binary_risk,12848407,1.0
"U(0.001,0.01), eps=1e-04",0.001,0.01,0.0001,reverse_eng_risk,8565,0.16817
"U(0.001,0.01), eps=1e-04",0.001,0.01,0.0001,reverse_eng_risk,10332,0.19415
"U(0.001,0.01), eps=1e-04",0.001,0.01,0.0001,reverse_eng_risk,12463,0.2256
"U(0.001,0.01), eps=1e-04",0.001,0.01,0.0001,reverse_eng_risk,15033,0.25883
"U(0.001,0.01), eps=1e-04",0.001,0.01,0.0001,reverse_eng_risk,18134,0.28908
"U(0.001,0.01), eps=1e-04",0.001,0.01,0.0001,reverse_eng_risk,21875,0.32327
"U(0.001,0.01), eps=1e-04",0.001,0.01,0.0001,reverse_eng_risk,26386,0.35673
"U(0.001,0.01), eps=1e-04",0.001,0.01,0.0001,reverse_eng_risk,31829,0.39253
"U(0.001,0.01), eps=1e-04",0.001,0.01,0.0001,reverse_eng_risk,38394,0.43195
"U(0.001,0.01), eps=1e-04",0.001,0.01,0.0001,reverse_eng_risk,46312,0.47263
"U(0.001,0.01), eps=1e-04",0.001,0.01,0.0001,reverse_eng_risk,55865,0.52155
"U(0.001,0.01), eps=1e-04",0.001,0.01,0.0001,reverse_eng_risk,67387,0.567
"U(0.001,0.01), eps=1e-04",0.001,0.01,0.0001,reverse_eng_risk,81286,0.61487
"U(0.001,0.01), eps=1e-04",0.001,0.01,0.0001,reverse_eng_risk,98051,0.659
"U(0.001,0.01), eps=1e-04",0.001,0.01,0.0001,reverse_eng_risk,118275,0.7046
"U(0.001,0.01), eps=1e-04",0.001,0.01,0.0001,reverse_eng_risk,142669,0.74852
"U(0.001,0.01), eps=1e-04",0.001,0.01,0.0001,reverse_eng_risk,172095,0.78995
"U(0.001,0.01), eps=1e-04",0.001,0.01,0.0001,reverse_eng_risk,207590,0.82922
"U(0.001,0.01), eps=1e-04",0.001,0.01,0.0001,reverse_eng_risk,250406,0.86872
"U(0.001,0.01), eps=1e-04",0.001,0.01,0.0001,reverse_eng_risk,302053,0.90123
"U(0.001,0.01), eps=1e-04",0.001,0.01,0.0001,reverse_eng_risk,364353,0.92678
"U(0.001,0.01), eps=1e-04",0.001,0.01,0.0001,reverse_eng_risk,439502,0.94832
"U(0.001,0.01), eps=1e-04",0.001,0.01,0.0001,reverse_eng_risk,530150,0.96493
"U(0.001,0.01), eps=1e-04",0.001,0.01,0.0001,reverse_eng_risk,639495,0.97857
"U(0.001,0.01), eps=1e-04",0.001,0.01,0.0001,reverse_eng_risk,771393,0.98705
"U(0.001,0.01), eps=1e-04",0.001,0.01,0.0001,reverse_eng_risk,930494,0.99357
"U(0.001,0.01), eps=1e-04",0.001,0.01,0.0001,reverse_eng_risk,1122411,0.99672
"U(0.001,0.01), eps=1e-04",0.001,0.01,0.0001,reverse_eng_risk,1353912,0.9985
"U(0.001,0.01), eps=1e-04",0.001,0.01,0.0001,reverse_eng_risk,1633159,0.99952
"U(0.001,0.01), eps=1e-04",0.001,0.01,0.0001,reverse_eng_risk,1970003,0.9998
"U(0.001,0.01), eps=1e-04",0.001,0.01,0.0001,reverse_eng_risk,2376321,0.99992
"U(0.001,0.01), eps=1e-04",0.001,0.01,0.0001,reverse_eng_risk,2866443,0.99995
"U(0.001,0.01), eps=1e-04",0.001,0.01,0.0001,reverse_eng_risk,3457654,1.0
"U(0.001,0.01), eps=1e-04",0.001,0.01,0.0001,reverse_eng_risk,4170804,1.0
"U(0.001,0.01), eps=1e-04",0.001,0.01,0.0001,reverse_eng_risk,5031044,1.0
"U(0.001,0.01), eps=1e-04",0.001,0.01,0.0001,reverse_eng_risk,6068709,1.0
"U(0.001,0.01), eps=1e-04",0.001,0.01,0.0001,reverse_eng_risk,7320396,1.0
"U(0.001,0.01), eps=1e-04",0.001,0.01,0.0001,reverse_eng_risk,8830246,1.0
"U(0.001,0.01), eps=1e-04",0.001,0.01,0.0001,reverse_eng_risk,10651507,1.0
"U(0.001,0.01), eps=1e-04",0.001,0.01,0.0001,reverse_eng_risk,12848407,1.0
"U(0.01,0.1), eps=1e-05",0.01,0.1,1e-05,brute,8965333,0.18505
"U(0.01,0.1), eps=1e-05",0.01,0.1,1e-05,brute,10814456,0.2024
"U(0.01,0.1), eps=1e-05",0.01,0.1,1e-05,brute,13044964,0.22175
"U(0.01,0.1), eps=1e-05",0.01,0.1,1e-05,brute,15735521,0.24302
"U(0.01,0.1), eps=1e-05",0.01,0.1,1e-05,brute,18981013,0.26587
"U(0.01,0.1), eps=1e-05",0.01,0.1,1e-05,brute,22895895,0.2919
"U(0.01,0.1), eps=1e-05",0.01,0.1,1e-05,brute,27618231,0.31783
"U(0.01,0.1), eps=1e-05",0.01,0.1,1e-05,brute,33314561,0.3465
"U(0.01,0.1), eps=1e-05",0.01,0.1,1e-05,brute,40185774,0.37743
"U(0.01,0.1), eps=1e-05",0.01,0.1,1e-05,brute,48474191,0.4114
"U(0.01,0.1), eps=1e-05",0.01,0.1,1e-05,brute,58472116,0.4472
"U(0.01,0.1), eps=1e-05",0.01,0.1,1e-05,brute,70532138,0.48562
"U(0.01,0.1), eps=1e-05",0.01,0.1,1e-05,brute,85079570,0.52558
"U(0.01,0.1), eps=1e-05",0.01,0.1,1e-05,brute,102627447,0.56675
"U(0.01,0.1), eps=1e-05",0.01,0.1,1e-05,brute,123794618,0.61172
"U(0.01,0.1), eps=1e-05",0.01,0.1,1e-05,brute,149327571,0.65865
"U(0.01,0.1), eps=1e-05",0.01,0.1,1e-05,brute,180126761,0.70342
"U(0.01,0.1), eps=1e-05",0.01,0.1,1e-05,brute,217278361,0.7477
"U(0.01,0.1), eps=1e-05",0.01,0.1,1e-05,brute,262092573,0.79268
"U(0.01,0.1), eps=1e-05",0.01,0.1,1e-05,brute,316149829,0.83398
"U(0.01,0.1), eps=1e-05",0.01,0.1,1e-05,brute,381356532,0.87143
"U(0.01,0.1), eps=1e-05",0.01,0.1,1e-05,brute,460012281,0.9045
"U(0.01,0.1), eps=1e-05",0.01,0.1,1e-05,brute,554890978,0.9331
"U(0.01,0.1), eps=1e-05",0.01,0.1,1e-05,brute,669338647,0.95455
"U(0.01,0.1), eps=1e-05",0.01,0.1,1e-05,brute,807391437,0.97165
"U(0.01,0.1), eps=1e-05",0.01,0.1,1e-05,brute,973917964,0.98385
"U(0.01,0.1), eps=1e-05",0.01,0.1,1e-05,brute,1174791008,0.99235
"U(0.01,0.1), eps=1e-05",0.01,0.1,1e-05,brute,1417094627,0.99675
"U(0.01,0.1), eps=1e-05",0.01,0.1,1e-05,brute,1709373980,0.99872
"U(0.01,0.1), eps=1e-05",0.01,0.1,1e-05,brute,2061936689,0.9997
"U(0.01,0.1), eps=1e-05",0.01,0.1,1e-05,brute,2487216348,0.99992
"U(0.01,0.1), eps=1e-05",0.01,0.1,1e-05,brute,3000211014,1.0
"U(0.01,0.1), eps=1e-05",0.01,0.1,1e-05,brute,3619012128,1.0
"U(0.01,0.1), eps=1e-05",0.01,0.1,1e-05,brute,4365442537,1.0
"U(0.01,0.1), eps=1e-05",0.01,0.1,1e-05,brute,5265826107,1.0
"U(0.01,0.1), eps=1e-05",0.01,0.1,1e-05,brute,6351916067,1.0
"U(0.01,0.1), eps=1e-05",0.01,0.1,1e-05,brute,7662014829,1.0
"U(0.01,0.1), eps=1e-05",0.01,0.1,1e-05,brute,9242324776,1.0
"U(0.01,0.1), eps=1e-05",0.01,0.1,1e-05,brute,11148577648,1.0
"U(0.01,0.1), eps=1e-05",0.01,0.1,1e-05,brute,13447999999,1.0
"U(0.01,0.1), eps=1e-05",0.01,0.1,1e-05,separable,8965333,0.04888
"U(0.01,0.1), eps=1e-05",0.01,0.1,1e-05,separable,10814456,0.05365
"U(0.01,0.1), eps=1e-05",0.01,0.1,1e-05,separable,13044964,0.05885
"U(0.01,0.1), eps=1e-05",0.01,0.1,1e-05,separable,15735521,0.06475
"U(0.01,0.1), eps=1e-05",0.01,0.1,1e-05,separable,18981013,0.07122
"U(0.01,0.1), eps=1e-05",0.01,0.1,1e-05,separable,22895895,0.07838
"U(0.01,0.1), eps=1e-05",0.01,0.1,1e-05,separable,27618231,0.08607
"U(0.01,0.1), eps=1e-05",0.01,0.1,1e-05,separable,33314561,0.09508
"U(0.01,0.1), eps=1e-05",0.01,0.1,1e-05,separable,40185774,0.1037
"U(0.01,0.1), eps=1e-05",0.01,0.1,1e-05,separable,48474191,0.11388
"U(0.01,0.1), eps=1e-05",0.01,0.1,1e-05,separable,58472116,0.12417
"U(0.01,0.1), eps=1e-05",0.01,0.1,1e-05,separable,70532138,0.1361
"U(0.01,0.1), eps=1e-05",0.01,0.1,1e-05,separable,85079570,0.14802
"U(0.01,0.1), eps=1e-05",0.01,0.1,1e-05,separable,102627447,0.1627
"U(0.01,0.1), eps=1e-05",0.01,0.1,1e-05,separable,123794618,0.17805
"U(0.01,0.1), eps=1e-05",0.01,0.1,1e-05,separable,149327571,0.19535
"U(0.01,0.1), eps=1e-05",0.01,0.1,1e-05,separable,180126761,0.21327
"U(0.01,0.1), eps=1e-05",0.01,0.1,1e-05,separable,217278361,0.2338
"U(0.01,0.1), eps=1e-05",0.01,0.1,1e-05,separable,262092573,0.25475
"U(0.01,0.1), eps=1e-05",0.01,0.1,1e-05,separable,316149829,0.27987
"U(0.01,0.1), eps=1e-05",0.01,0.1,1e-05,separable,381356532,0.3063
"U(0.01,0.1), eps=1e-05",0.01,0.1,1e-05,separable,460012281,0.334
"U(0.01,0.1), eps=1e-05",0.01,0.1,1e-05,separable,554890978,0.36365
"U(0.01,0.1), eps=1e-05",0.01,0.1,1e-05,separable,669338647,0.3963
"U(0.01,0.1), eps=1e-05",0.01,0.1,1e-05,separable,807391437,0.43057
"U(0.01,0.1), eps=1e-05",0.01,0.1,1e-05,separable,973917964,0.46785
"U(0.01,0.1), eps=1e-05",0.01,0.1,1e-05,separable,1174791008,0.50787
"U(0.01,0.1), eps=1e-05",0.01,0.1,1e-05,separable,1417094627,0.54792
"U(0.01,0.1), eps=1e-05",0.01,0.1,1e-05,separable,1709373980,0.59227
"U(0.01,0.1), eps=1e-05",0.01,0.1,1e-05,separable,2061936689,0.6381
"U(0.01,0.1), eps=1e-05",0.01,0.1,1e-05,separable,2487216348,0.68285
"U(0.01,0.1), eps=1e-05",0.01,0.1,1e-05,separable,3000211014,0.72813
"U(0.01,0.1), eps=1e-05",0.01,0.1,1e-05,separable,3619012128,0.77323
"U(0.01,0.1), eps=1e-05",0.01,0.1,1e-05,separable,4365442537,0.81703
"U(0.01,0.1), eps=1e-05",0.01,0.1,1e-05,separable,5265826107,0.85523
"U(0.01,0.1), eps=1e-05",0.01,0.1,1e-05,separable,6351916067,0.89123
"U(0.01,0.1), eps=1e-05",0.01,0.1,1e-05,separable,7662014829,0.92085
"U(0.01,0.1), eps=1e-05",0.01,0.1,1e-05,separable,9242324776,0.94598
"U(0.01,0.1), eps=1e-05",0.01,0.1,1e-05,separable,11148577648,0.96475
"U(0.01,0.1), eps=1e-05",0.01,0.1,1e-05,separable,13447999999,0.97947
"U(0.01,0.1), eps=1e-05",0.01,0.1,1e-05,linear,8965333,0.24843
"U(0.01,0.1), eps=1e-05",0.01,0.1,1e-05,linear,10814456,0.26722
"U(0.01,0.1), eps=1e-05",0.01,0.1,1e-05,linear,13044964,0.2935
"U(0.01,0.1), eps=1e-05",0.01,0.1,1e-05,linear,15735521,0.3206
"U(0.01,0.1), eps=1e-05",0.01,0.1,1e-05,linear,18981013,0.35147
"U(0.01,0.1), eps=1e-05",0.01,0.1,1e-05,linear,22895895,0.38227
"U(0.01,0.1), eps=1e-05",0.01,0.1,1e-05,linear,27618231,0.4142
"U(0.01,0.1), eps=1e-05",0.01,0.1,1e-05,linear,33314561,0.44835
"U(0.01,0.1), eps=1e-05",0.01,0.1,1e-05,linear,40185774,0.4871
"U(0.01,0.1), eps=1e-05",0.01,0.1,1e-05,linear,48474191,0.5248
"U(0.01,0.1), eps=1e-05",0.01,0.1,1e-05,linear,58472116,0.5648
"U(0.01,0.1), eps=1e-05",0.01,0.1,1e-05,linear,70532138,0.60647
"U(0.01,0.1), eps=1e-05",0.01,0.1,1e-05,linear,85079570,0.64858
"U(0.01,0.1), eps=1e-05",0.01,0.1,1e-05,linear,102627447,0.6865
"U(0.01,0.1), eps=1e-05",0.01,0.1,1e-05,linear,123794618,0.73025
"U(0.01,0.1), eps=1e-05",0.01,0.1,1e-05,linear,149327571,0.7687
"U(0.01,0.1), eps=1e-05",0.01,0.1,1e-05,linear,180126761,0.80225
"U(0.01,0.1), eps=1e-05",0.01,0.1,1e-05,linear,217278361,0.8449
"U(0.01,0.1), eps=1e-05",0.01,0.1,1e-05,linear,262092573,0.87555
"U(0.01,0.1), eps=1e-05",0.01,0.1,1e-05,linear,316149829,0.90435
"U(0.01,0.1), eps=1e-05",0.01,0.1,1e-05,linear,381356532,0.92875
"U(0.01,0.1), eps=1e-05",0.01,0.1,1e-05,linear,460012281,0.94837
"U(0.01,0.1), eps=1e-05",0.01,0.1,1e-05,linear,554890978,0.9686
"U(0.01,0.1), eps=1e-05",0.01,0.1,1e-05,linear,669338647,0.97695
"U(0.01,0.1), eps=1e-05",0.01,0.1,1e-05,linear,807391437,0.9844
"U(0.01,0.1), eps=1e-05",0.01,0.1,1e-05,linear,973917964,0.9903
"U(0.01,0.1), eps=1e-05",0.01,0.1,1e-05,linear,1174791008,0.99367
"U(0.01,0.1), eps=1e-05",0.01,0.1,1e-05,linear,1417094627,0.99803
"U(0.01,0.1), eps=1e-05",0.01,0.1,1e-05,linear,1709373980,0.99875
"U(0.01,0.1), eps=1e-05",0.01,0.1,1e-05,linear,2061936689,0.99865
"U(0.01,0.1), eps=1e-05",0.01,0.1,1e-05,linear,2487216348,0.99965
"U(0.01,0.1), eps=1e-05",0.01,0.1,1e-05,linear,3000211014,0.99992
"U(0.01,0.1), eps=1e-05",0.01,0.1,1e-05,linear,3619012128,0.99995
"U(0.01,0.1), eps=1e-05",0.01,0.1,1e-05,linear,4365442537,0.99995
"U(0.01,0.1), eps=1e-05",0.01,0.1,1e-05,linear,5265826107,0.99995
"U(0.01,0.1), eps=1e-05",0.01,0.1,1e-05,linear,6351916067,0.99995
"U(0.01,0.1), eps=1e-05",0.01,0.1,1e-05,linear,7662014829,0.99995
"U(0.01,0.1), eps=1e-05",0.01,0.1,1e-05,linear,9242324776,0.99995
"U(0.01,0.1), eps=1e-05",0.01,0.1,1e-05,linear,11148577648,0.99995
"U(0.01,0.1), eps=1e-05",0.01,0.1,1e-05,linear,13447999999,0.99995
"U(0.01,0.1), eps=1e-05",0.01,0.1,1e-05,binary,8965333,0.24882
"U(0.01,0.1), eps=1e-05",0.01,0.1,1e-05,binary,10814456,0.27555
"U(0.01,0.1), eps=1e-05",0.01,0.1,1e-05,binary,13044964,0.30242
"U(0.01,0.1), eps=1e-05",0.01,0.1,1e-05,binary,15735521,0.33253
"U(0.01,0.1), eps=1e-05",0.01,0.1,1e-05,binary,18981013,0.36492
"U(0.01,0.1), eps=1e-05",0.01,0.1,1e-05,binary,22895895,0.39803
"U(0.01,0.1), eps=1e-05",0.01,0.1,1e-05,binary,27618231,0.43288
"U(0.01,0.1), eps=1e-05",0.01,0.1,1e-05,binary,33314561,0.46495
"U(0.01,0.1), eps=1e-05",0.01,0.1,1e-05,binary,40185774,0.5051
"U(0.01,0.1), eps=1e-05",0.01,0.1,1e-05,binary,48474191,0.5466
"U(0.01,0.1), eps=1e-05",0.01,0.1,1e-05,binary,58472116,0.58647
"U(0.01,0.1), eps=1e-05",0.01,0.1,1e-05,binary,70532138,0.61987
"U(0.01,0.1), eps=1e-05",0.01,0.1,1e-05,binary,85079570,0.66385
"U(0.01,0.1), eps=1e-05",0.01,0.1,1e-05,binary,102627447,0.71052
"U(0.01,0.1), eps=1e-05",0.01,0.1,1e-05,binary,123794618,0.74633
"U(0.01,0.1), eps=1e-05",0.01,0.1,1e-05,binary,149327571,0.78865
"U(0.01,0.1), eps=1e-05",0.01,0.1,1e-05,binary,180126761,0.82447
"U(0.01,0.1), eps=1e-05",0.01,0.1,1e-05,binary,217278361,0.8586
"U(0.01,0.1), eps=1e-05",0.01,0.1,1e-05,binary,262092573,0.88915
"U(0.01,0.1), eps=1e-05",0.01,0.1,1e-05,binary,316149829,0.91638
"U(0.01,0.1), eps=1e-05",0.01,0.1,1e-05,binary,381356532,0.9375
"U(0.01,0.1), eps=1e-05",0.01,0.1,1e-05,binary,460012281,0.95673
"U(0.01,0.1), eps=1e-05",0.01,0.1,1e-05,binary,554890978,0.97127
"U(0.01,0.1), eps=1e-05",0.01,0.1,1e-05,binary,669338647,0.98228
"U(0.01,0.1), eps=1e-05",0.01,0.1,1e-05,binary,807391437,0.9895
"U(0.01,0.1), eps=1e-05",0.01,0.1,1e-05,binary,973917964,0.99403
"U(0.01,0.1), eps=1e-05",0.01,0.1,1e-05,binary,1174791008,0.99692
"U(0.01,0.1), eps=1e-05",0.01,0.1,1e-05,binary,1417094627,0.998
"U(0.01,0.1), eps=1e-05",0.01,0.1,1e-05,binary,1709373980,0.99903
"U(0.01,0.1), eps=1e-05",0.01,0.1,1e-05,binary,2061936689,0.99955
"U(0.01,0.1), eps=1e-05",0.01,0.1,1e-05,binary,2487216348,0.99955
"U(0.01,0.1), eps=1e-05",0.01,0.1,1e-05,binary,3000211014,0.9994
"U(0.01,0.1), eps=1e-05",0.01,0.1,1e-05,binary,3619012128,0.99835
"U(0.01,0.1), eps=1e-05",0.01,0.1,1e-05,binary,4365442537,0.99835
"U(0.01,0.1), eps=1e-05",0.01,0.1,1e-05,binary,5265826107,0.99835
"U(0.01,0.1), eps=1e-05",0.01,0.1,1e-05,binary,6351916067,0.99835
"U(0.01,0.1), eps=1e-05",0.01,0.1,1e-05,binary,7662014829,0.99835
"U(0.01,0.1), eps=1e-05",0.01,0.1,1e-05,binary,9242324776,0.99835
"U(0.01,0.1), eps=1e-05",0.01,0.1,1e-05,binary,11148577648,0.99835
"U(0.01,0.1), eps=1e-05",0.01,0.1,1e-05,binary,13447999999,0.99835
"U(0.01,0.1), eps=1e-05",0.01,0.1,1e-05,reverse_eng,8965333,0.26785
"U(0.01,0.1), eps=1e-05",0.01,0.1,1e-05,reverse_eng,10814456,0.29333
"U(0.01,0.1), eps=1e-05",0.01,0.1,1e-05,reverse_eng,13044964,0.32033
"U(0.01,0.1), eps=1e-05",0.01,0.1,1e-05,reverse_eng,15735521,0.35152
"U(0.01,0.1), eps=1e-05",0.01,0.1,1e-05,reverse_eng,18981013,0.38195
"U(0.01,0.1), eps=1e-05",0.01,0.1,1e-05,reverse_eng,22895895,0.416
"U(0.01,0.1), eps=1e-05",0.01,0.1,1e-05,reverse_eng,27618231,0.44612
"U(0.01,0.1), eps=1e-05",0.01,0.1,1e-05,reverse_eng,33314561,0.48657
"U(0.01,0.1), eps=1e-05",0.01,0.1,1e-05,reverse_eng,40185774,0.52623
"U(0.01,0.1), eps=1e-05",0.01,0.1,1e-05,reverse_eng,48474191,0.56437
"U(0.01,0.1), eps=1e-05",0.01,0.1,1e-05,reverse_eng,58472116,0.60295
"U(0.01,0.1), eps=1e-05",0.01,0.1,1e-05,reverse_eng,70532138,0.6475
"U(0.01,0.1), eps=1e-05",0.01,0.1,1e-05,reverse_eng,85079570,0.68905
"U(0.01,0.1), eps=1e-05",0.01,0.1,1e-05,reverse_eng,102627447,0.72547
"U(0.01,0.1), eps=1e-05",0.01,0.1,1e-05,reverse_eng,123794618,0.7644
"U(0.01,0.1), eps=1e-05",0.01,0.1,1e-05,reverse_eng,149327571,0.8062
"U(0.01,0.1), eps=1e-05",0.01,0.1,1e-05,reverse_eng,180126761,0.84057
"U(0.01,0.1), eps=1e-05",0.01,0.1,1e-05,reverse_eng,217278361,0.86908
"U(0.01,0.1), eps=1e-05",0.01,0.1,1e-05,reverse_eng,262092573,0.9011
"U(0.01,0.1), eps=1e-05",0.01,0.1,1e-05,reverse_eng,316149829,0.92622
"U(0.01,0.1), eps=1e-05",0.01,0.1,1e-05,reverse_eng,381356532,0.9465
"U(0.01,0.1), eps=1e-05",0.01,0.1,1e-05,reverse_eng,460012281,0.95547
"U(0.01,0.1), eps=1e-05",0.01,0.1,1e-05,reverse_eng,554890978,0.9759
"U(0.01,0.1), eps=1e-05",0.01,0.1,1e-05,reverse_eng,669338647,0.9852
"U(0.01,0.1), eps=1e-05",0.01,0.1,1e-05,reverse_eng,807391437,0.99118
"U(0.01,0.1), eps=1e-05",0.01,0.1,1e-05,reverse_eng,973917964,0.99577
"U(0.01,0.1), eps=1e-05",0.01,0.1,1e-05,reverse_eng,1174791008,0.99735
"U(0.01,0.1), eps=1e-05",0.01,0.1,1e-05,reverse_eng,1417094627,0.99835
"U(0.01,0.1), eps=1e-05",0.01,0.1,1e-05,reverse_eng,1709373980,0.9984
"U(0.01,0.1), eps=1e-05",0.01,0.1,1e-05,reverse_eng,2061936689,0.99955
"U(0.01,0.1), eps=1e-05",0.01,0.1,1e-05,reverse_eng,2487216348,0.99977
"U(0.01,0.1), eps=1e-05",0.01,0.1,1e-05,reverse_eng,3000211014,0.99985
"U(0.01,0.1), eps=1e-05",0.01,0.1,1e-05,reverse_eng,3619012128,0.99985
"U(0.01,0.1), eps=1e-05",0.01,0.1,1e-05,reverse_eng,4365442537,0.99985
"U(0.01,0.1), eps=1e-05",0.01,0.1,1e-05,reverse_eng,5265826107,0.99985
"U(0.01,0.1), eps=1e-05",0.01,0.1,1e-05,reverse_eng,6351916067,0.99985
"U(0.01,0.1), eps=1e-05",0.01,0.1,1e-05,reverse_eng,7662014829,0.99985
"U(0.01,0.1), eps=1e-05",0.01,0.1,1e-05,reverse_eng,9242324776,0.99985
"U(0.01,0.1), eps=1e-05",0.01,0.1,1e-05,reverse_eng,11148577648,0.99985
"U(0.01,0.1), eps=1e-05",0.01,0.1,1e-05,reverse_eng,13447999999,0.99985
"U(0.01,0.1), eps=1e-05",0.01,0.1,1e-05,binary_risk,8965333,0.2618
"U(0.01,0.1), eps=1e-05",0.01,0.1,1e-05,binary_risk,10814456,0.2882
"U(0.01,0.1), eps=1e-05",0.01,0.1,1e-05,binary_risk,13044964,0.318
"U(0.01,0.1), eps=1e-05",0.01,0.1,1e-05,binary_risk,15735521,0.34755
"U(0.01,0.1), eps=1e-05",0.01,0.1,1e-05,binary_risk,18981013,0.37888
"U(0.01,0.1), eps=1e-05",0.01,0.1,1e-05,binary_risk,22895895,0.41123
"U(0.01,0.1), eps=1e-05",0.01,0.1,1e-05,binary_risk,27618231,0.4478
"U(0.01,0.1), eps=1e-05",0.01,0.1,1e-05,binary_risk,33314561,0.48352
"U(0.01,0.1), eps=1e-05",0.01,0.1,1e-05,binary_risk,40185774,0.516
"U(0.01,0.1), eps=1e-05",0.01,0.1,1e-05,binary_risk,48474191,0.5637
"U(0.01,0.1), eps=1e-05",0.01,0.1,1e-05,binary_risk,58472116,0.6038
"U(0.01,0.1), eps=1e-05",0.01,0.1,1e-05,binary_risk,70532138,0.64787
"U(0.01,0.1), eps=1e-05",0.01,0.1,1e-05,binary_risk,85079570,0.68907
"U(0.01,0.1), eps=1e-05",0.01,0.1,1e-05,binary_risk,102627447,0.73205
"U(0.01,0.1), eps=1e-05",0.01,0.1,1e-05,binary_risk,123794618,0.76645
"U(0.01,0.1), eps=1e-05",0.01,0.1,1e-05,binary_risk,149327571,0.80542
"U(0.01,0.1), eps=1e-05",0.01,0.1,1e-05,binary_risk,180126761,0.84037
"U(0.01,0.1), eps=1e-05",0.01,0.1,1e-05,binary_risk,217278361,0.87423
"U(0.01,0.1), eps=1e-05",0.01,0.1,1e-05,binary_risk,262092573,0.90292
"U(0.01,0.1), eps=1e-05",0.01,0.1,1e-05,binary_risk,316149829,0.92765
"U(0.01,0.1), eps=1e-05",0.01,0.1,1e-05,binary_risk,381356532,0.9487
"U(0.01,0.1), eps=1e-05",0.01,0.1,1e-05,binary_risk,460012281,0.9655
"U(0.01,0.1), eps=1e-05",0.01,0.1,1e-05,binary_risk,554890978,0.97772
"U(0.01,0.1), eps=1e-05",0.01,0.1,1e-05,binary_risk,669338647,0.98575
"U(0.01,0.1), eps=1e-05",0.01,0.1,1e-05,binary_risk,807391437,0.9929
"U(0.01,0.1), eps=1e-05",0.01,0.1,1e-05,binary_risk,973917964,0.99635
"U(0.01,0.1), eps=1e-05",0.01,0.1,1e-05,binary_risk,1174791008,0.99833
"U(0.01,0.1), eps=1e-05",0.01,0.1,1e-05,binary_risk,1417094627,0.99918
"U(0.01,0.1), eps=1e-05",0.01,0.1,1e-05,binary_risk,1709373980,0.9989
"U(0.01,0.1), eps=1e-05",0.01,0.1,1e-05,binary_risk,2061936689,0.9987
"U(0.01,0.1), eps=1e-05",0.01,0.1,1e-05,binary_risk,2487216348,0.99975
"U(0.01,0.1), eps=1e-05",0.01,0.1,1e-05,binary_risk,3000211014,0.99987
"U(0.01,0.1), eps=1e-05",0.01,0.1,1e-05,binary_risk,3619012128,0.9999
"U(0.01,0.1), eps=1e-05",0.01,0.1,1e-05,binary_risk,4365442537,1.0
"U(0.01,0.1), eps=1e-05",0.01,0.1,1e-05,binary_risk,5265826107,0.99997
"U(0.01,0.1), eps=1e-05",0.01,0.1,1e-05,binary_risk,6351916067,1.0
"U(0.01,0.1), eps=1e-05",0.01,0.1,1e-05,binary_risk,7662014829,1.0
"U(0.01,0.1), eps=1e-05",0.01,0.1,1e-05,binary_risk,9242324776,1.0
"U(0.01,0.1), eps=1e-05",0.01,0.1,1e-05,binary_risk,11148577648,1.0
"U(0.01,0.1), eps=1e-05",0.01,0.1,1e-05,binary_risk,13447999999,1.0
"U(0.01,0.1), eps=1e-05",0.01,0.1,1e-05,reverse_eng_risk,8965333,0.2738
"U(0.01,0.1), eps=1e-05",0.01,0.1,1e-05,reverse_eng_risk,10814456,0.29838
"U(0.01,0.1), eps=1e-05",0.01,0.1,1e-05,reverse_eng_risk,13044964,0.3248
"U(0.01,0.1), eps=1e-05",0.01,0.1,1e-05,reverse_eng_risk,15735521,0.35668
"U(0.01,0.1), eps=1e-05",0.01,0.1,1e-05,reverse_eng_risk,18981013,0.3852
"U(0.01,0.1), eps=1e-05",0.01,0.1,1e-05,reverse_eng_risk,22895895,0.4209
"U(0.01,0.1), eps=1e-05",0.01,0.1,1e-05,reverse_eng_risk,27618231,0.4539
"U(0.01,0.1), eps=1e-05",0.01,0.1,1e-05,reverse_eng_risk,33314561,0.49012
"U(0.01,0.1), eps=1e-05",0.01,0.1,1e-05,reverse_eng_risk,40185774,0.52907
"U(0.01,0.1), eps=1e-05",0.01,0.1,1e-05,reverse_eng_risk,48474191,0.57173
"U(0.01,0.1), eps=1e-05",0.01,0.1,1e-05,reverse_eng_risk,58472116,0.61018
"U(0.01,0.1), eps=1e-05",0.01,0.1,1e-05,reverse_eng_risk,70532138,0.64995
"U(0.01,0.1), eps=1e-05",0.01,0.1,1e-05,reverse_eng_risk,85079570,0.69937
"U(0.01,0.1), eps=1e-05",0.01,0.1,1e-05,reverse_eng_risk,102627447,0.73715
"U(0.01,0.1), eps=1e-05",0.01,0.1,1e-05,reverse_eng_risk,123794618,0.77543
"U(0.01,0.1), eps=1e-05",0.01,0.1,1e-05,reverse_eng_risk,149327571,0.81237
"U(0.01,0.1), eps=1e-05",0.01,0.1,1e-05,reverse_eng_risk,180126761,0.8474
"U(0.01,0.1), eps=1e-05",0.01,0.1,1e-05,reverse_eng_risk,217278361,0.87335
"U(0.01,0.1), eps=1e-05",0.01,0.1,1e-05,reverse_eng_risk,262092573,0.90395
"U(0.01,0.1), eps=1e-05",0.01,0.1,1e-05,reverse_eng_risk,316149829,0.9292
"U(0.01,0.1), eps=1e-05",0.01,0.1,1e-05,reverse_eng_risk,381356532,0.94837
"U(0.01,0.1), eps=1e-05",0.01,0.1,1e-05,reverse_eng_risk,460012281,0.96522
"U(0.01,0.1), eps=1e-05",0.01,0.1,1e-05,reverse_eng_risk,554890978,0.9786
"U(0.01,0.1), eps=1e-05",0.01,0.1,1e-05,reverse_eng_risk,669338647,0.98713
"U(0.01,0.1), eps=1e-05",0.01,0.1,1e-05,reverse_eng_risk,807391437,0.99275
"U(0.01,0.1), eps=1e-05",0.01,0.1,1e-05,reverse_eng_risk,973917964,0.9953
"U(0.01,0.1), eps=1e-05",0.01,0.1,1e-05,reverse_eng_risk,1174791008,0.99823
"U(0.01,0.1), eps=1e-05",0.01,0.1,1e-05,reverse_eng_risk,1417094627,0.99913
"U(0.01,0.1), eps=1e-05",0.01,0.1,1e-05,reverse_eng_risk,1709373980,0.99962
"U(0.01,0.1), eps=1e-05",0.01,0.1,1e-05,reverse_eng_risk,2061936689,0.99982
"U(0.01,0.1), eps=1e-05",0.01,0.1,1e-05,reverse_eng_risk,2487216348,0.99992
"U(0.01,0.1), eps=1e-05",0.01,0.1,1e-05,reverse_eng_risk,3000211014,0.99995
"U(0.01,0.1), eps=1e-05",0.01,0.1,1e-05,reverse_eng_risk,3619012128,0.99997
"U(0.01,0.1), eps=1e-05",0.01,0.1,1e-05,reverse_eng_risk,4365442537,1.0
"U(0.01,0.1), eps=1e-05",0.01,0.1,1e-05,reverse_eng_risk,5265826107,1.0
"U(0.01,0.1), eps=1e-05",0.01,0.1,1e-05,reverse_eng_risk,6351916067,1.0
"U(0.01,0.1), eps=1e-05",0.01,0.1,1e-05,reverse_eng_risk,7662014829,1.0
"U(0.01,0.1), eps=1e-05",0.01,0.1,1e-05,reverse_eng_risk,9242324776,1.0
"U(0.01,0.1), eps=1e-05",0.01,0.1,1e-05,reverse_eng_risk,11148577648,1.0
"U(0.01,0.1), eps=1e-05",0.01,0.1,1e-05,reverse_eng_risk,13447999999,1.0
"U(0.001,0.01), eps=1e-05",0.001,0.01,1e-05,brute,856560,0.1828
"U(0.001,0.01), eps=1e-05",0.001,0.01,1e-05,brute,1033228,0.20192
"U(0.001,0.01), eps=1e-05",0.001,0.01,1e-05,brute,1246334,0.22265
"U(0.001,0.01), eps=1e-05",0.001,0.01,1e-05,brute,1503393,0.24213
"U(0.001,0.01), eps=1e-05",0.001,0.01,1e-05,brute,1813472,0.2648
"U(0.001,0.01), eps=1e-05",0.001,0.01,1e-05,brute,2187505,0.28937
"U(0.001,0.01), eps=1e-05",0.001,0.01,1e-05,brute,2638684,0.31662
"U(0.001,0.01), eps=1e-05",0.001,0.01,1e-05,brute,3182919,0.34547
"U(0.001,0.01), eps=1e-05",0.001,0.01,1e-05,brute,3839405,0.3751
"U(0.001,0.01), eps=1e-05",0.001,0.01,1e-05,brute,4631292,0.40892
"U(0.001,0.01), eps=1e-05",0.001,0.01,1e-05,brute,5586507,0.44565
"U(0.001,0.01), eps=1e-05",0.001,0.01,1e-05,brute,6738739,0.4847
"U(0.001,0.01), eps=1e-05",0.001,0.01,1e-05,brute,8128621,0.5244
"U(0.001,0.01), eps=1e-05",0.001,0.01,1e-05,brute,9805170,0.56575
"U(0.001,0.01), eps=1e-05",0.001,0.01,1e-05,brute,11827511,0.60933
"U(0.001,0.01), eps=1e-05",0.001,0.01,1e-05,brute,14266965,0.6552
"U(0.001,0.01), eps=1e-05",0.001,0.01,1e-05,brute,17209563,0.70127
"U(0.001,0.01), eps=1e-05",0.001,0.01,1e-05,brute,20759079,0.74695
"U(0.001,0.01), eps=1e-05",0.001,0.01,1e-05,brute,25040691,0.79248
"U(0.001,0.01), eps=1e-05",0.001,0.01,1e-05,brute,30205397,0.83327
"U(0.001,0.01), eps=1e-05",0.001,0.01,1e-05,brute,36435337,0.86962
"U(0.001,0.01), eps=1e-05",0.001,0.01,1e-05,brute,43950218,0.9035
"U(0.001,0.01), eps=1e-05",0.001,0.01,1e-05,brute,53015061,0.93288
"U(0.001,0.01), eps=1e-05",0.001,0.01,1e-05,brute,63949552,0.9548
"U(0.001,0.01), eps=1e-05",0.001,0.01,1e-05,brute,77139309,0.9719
"U(0.001,0.01), eps=1e-05",0.001,0.01,1e-05,brute,93049487,0.98415
"U(0.001,0.01), eps=1e-05",0.001,0.01,1e-05,brute,112241179,0.99243
"U(0.001,0.01), eps=1e-05",0.001,0.01,1e-05,brute,135391206,0.99665
"U(0.001,0.01), eps=1e-05",0.001,0.01,1e-05,brute,163315985,0.99865
"U(0.001,0.01), eps=1e-05",0.001,0.01,1e-05,brute,197000320,0.99967
"U(0.001,0.01), eps=1e-05",0.001,0.01,1e-05,brute,237632135,0.99992
"U(0.001,0.01), eps=1e-05",0.001,0.01,1e-05,brute,286644364,1.0
"U(0.001,0.01), eps=1e-05",0.001,0.01,1e-05,brute,345765489,1.0
"U(0.001,0.01), eps=1e-05",0.001,0.01,1e-05,brute,417080497,1.0
"U(0.001,0.01), eps=1e-05",0.001,0.01,1e-05,brute,503104405,1.0
"U(0.001,0.01), eps=1e-05",0.001,0.01,1e-05,brute,606870961,1.0
"U(0.001,0.01), eps=1e-05",0.001,0.01,1e-05,brute,732039633,1.0
"U(0.001,0.01), eps=1e-05",0.001,0.01,1e-05,brute,883024660,1.0
"U(0.001,0.01), eps=1e-05",0.001,0.01,1e-05,brute,1065150730,1.0
"U(0.001,0.01), eps=1e-05",0.001,0.01,1e-05,brute,1284840764,1.0
"U(0.001,0.01), eps=1e-05",0.001,0.01,1e-05,separable,856560,0.01475
"U(0.001,0.01), eps=1e-05",0.001,0.01,1e-05,separable,1033228,0.01475
"U(0.001,0.01), eps=1e-05",0.001,0.01,1e-05,separable,1246334,0.0175
"U(0.001,0.01), eps=1e-05",0.001,0.01,1e-05,separable,1503393,0.0202
"U(0.001,0.01), eps=1e-05",0.001,0.01,1e-05,separable,1813472,0.02123
"U(0.001,0.01), eps=1e-05",0.001,0.01,1e-05,separable,2187505,0.02357
"U(0.001,0.01), eps=1e-05",0.001,0.01,1e-05,separable,2638684,0.0261
"U(0.001,0.01), eps=1e-05",0.001,0.01,1e-05,separable,3182919,0.02678
"U(0.001,0.01), eps=1e-05",0.001,0.01,1e-05,separable,3839405,0.03163
"U(0.001,0.01), eps=1e-05",0.001,0.01,1e-05,separable,4631292,0.03455
"U(0.001,0.01), eps=1e-05",0.001,0.01,1e-05,separable,5586507,0.03812
"U(0.001,0.01), eps=1e-05",0.001,0.01,1e-05,separable,6738739,0.0404
"U(0.001,0.01), eps=1e-05",0.001,0.01,1e-05,separable,8128621,0.04537
"U(0.001,0.01), eps=1e-05",0.001,0.01,1e-05,separable,9805170,0.04883
"U(0.001,0.01), eps=1e-05",0.001,0.01,1e-05,separable,11827511,0.05468
"U(0.001,0.01), eps=1e-05",0.001,0.01,1e-05,separable,14266965,0.06055
"U(0.001,0.01), eps=1e-05",0.001,0.01,1e-05,separable,17209563,0.06588
"U(0.001,0.01), eps=1e-05",0.001,0.01,1e-05,separable,20759079,0.07425
"U(0.001,0.01), eps=1e-05",0.001,0.01,1e-05,separable,25040691,0.08153
"U(0.001,0.01), eps=1e-05",0.001,0.01,1e-05,separable,30205397,0.08753
"U(0.001,0.01), eps=1e-05",0.001,0.01,1e-05,separable,36435337,0.09825
"U(0.001,0.01), eps=1e-05",0.001,0.01,1e-05,separable,43950218,0.10577
"U(0.001,0.01), eps=1e-05",0.001,0.01,1e-05,separable,53015061,0.11635
"U(0.001,0.01), eps=1e-05",0.001,0.01,1e-05,separable,63949552,0.12853
"U(0.001,0.01), eps=1e-05",0.001,0.01,1e-05,separable,77139309,0.14065
"U(0.001,0.01), eps=1e-05",0.001,0.01,1e-05,separable,93049487,0.15375
"U(0.001,0.01), eps=1e-05",0.001,0.01,1e-05,separable,112241179,0.1682
"U(0.001,0.01), eps=1e-05",0.001,0.01,1e-05,separable,135391206,0.18432
"U(0.001,0.01), eps=1e-05",0.001,0.01,1e-05,separable,163315985,0.20167
"U(0.001,0.01), eps=1e-05",0.001,0.01,1e-05,separable,197000320,0.22162
"U(0.001,0.01), eps=1e-05",0.001,0.01,1e-05,separable,237632135,0.2418
"U(0.001,0.01), eps=1e-05",0.001,0.01,1e-05,separable,286644364,0.2647
"U(0.001,0.01), eps=1e-05",0.001,0.01,1e-05,separable,345765489,0.29115
"U(0.001,0.01), eps=1e-05",0.001,0.01,1e-05,separable,417080497,0.31805
"U(0.001,0.01), eps=1e-05",0.001,0.01,1e-05,separable,503104405,0.34692
"U(0.001,0.01), eps=1e-05",0.001,0.01,1e-05,separable,606870961,0.37735
"U(0.001,0.01), eps=1e-05",0.001,0.01,1e-05,separable,732039633,0.41205
"U(0.001,0.01), eps=1e-05",0.001,0.01,1e-05,separable,883024660,0.44758
"U(0.001,0.01), eps=1e-05",0.001,0.01,1e-05,separable,1065150730,0.48662
"U(0.001,0.01), eps=1e-05",0.001,0.01,1e-05,separable,1284840764,0.52595
"U(0.001,0.01), eps=1e-05",0.001,0.01,1e-05,linear,856560,0.19873
"U(0.001,0.01), eps=1e-05",0.001,0.01,1e-05,linear,1033228,0.22528
"U(0.001,0.01), eps=1e-05",0.001,0.01,1e-05,linear,1246334,0.24938
"U(0.001,0.01), eps=1e-05",0.001,0.01,1e-05,linear,1503393,0.27475
"U(0.001,0.01), eps=1e-05",0.001,0.01,1e-05,linear,1813472,0.2967
"U(0.001,0.01), eps=1e-05",0.001,0.01,1e-05,linear,2187505,0.32038
"U(0.001,0.01), eps=1e-05",0.001,0.01,1e-05,linear,2638684,0.3547
"U(0.001,0.01), eps=1e-05",0.001,0.01,1e-05,linear,3182919,0.37783
"U(0.001,0.01), eps=1e-05",0.001,0.01,1e-05,linear,3839405,0.42983
"U(0.001,0.01), eps=1e-05",0.001,0.01,1e-05,linear,4631292,0.46597
"U(0.001,0.01), eps=1e-05",0.001,0.01,1e-05,linear,5586507,0.51315
"U(0.001,0.01), eps=1e-05",0.001,0.01,1e-05,linear,6738739,0.56117
"U(0.001,0.01), eps=1e-05",0.001,0.01,1e-05,linear,8128621,0.60875
"U(0.001,0.01), eps=1e-05",0.001,0.01,1e-05,linear,9805170,0.65668
"U(0.001,0.01), eps=1e-05",0.001,0.01,1e-05,linear,11827511,0.69855
"U(0.001,0.01), eps=1e-05",0.001,0.01,1e-05,linear,14266965,0.74257
"U(0.001,0.01), eps=1e-05",0.001,0.01,1e-05,linear,17209563,0.78658
"U(0.001,0.01), eps=1e-05",0.001,0.01,1e-05,linear,20759079,0.8302
"U(0.001,0.01), eps=1e-05",0.001,0.01,1e-05,linear,25040691,0.86698
"U(0.001,0.01), eps=1e-05",0.001,0.01,1e-05,linear,30205397,0.8973
"U(0.001,0.01), eps=1e-05",0.001,0.01,1e-05,linear,36435337,0.92358
"U(0.001,0.01), eps=1e-05",0.001,0.01,1e-05,linear,43950218,0.93725
"U(0.001,0.01), eps=1e-05",0.001,0.01,1e-05,linear,53015061,0.95757
"U(0.001,0.01), eps=1e-05",0.001,0.01,1e-05,linear,63949552,0.9731
"U(0.001,0.01), eps=1e-05",0.001,0.01,1e-05,linear,77139309,0.9849
"U(0.001,0.01), eps=1e-05",0.001,0.01,1e-05,linear,93049487,0.99218
"U(0.001,0.01), eps=1e-05",0.001,0.01,1e-05,linear,112241179,0.99672
"U(0.001,0.01), eps=1e-05",0.001,0.01,1e-05,linear,135391206,0.9983
"U(0.001,0.01), eps=1e-05",0.001,0.01,1e-05,linear,163315985,0.99865
"U(0.001,0.01), eps=1e-05",0.001,0.01,1e-05,linear,197000320,0.99905
"U(0.001,0.01), eps=1e-05",0.001,0.01,1e-05,linear,237632135,0.99935
"U(0.001,0.01), eps=1e-05",0.001,0.01,1e-05,linear,286644364,0.99938
"U(0.001,0.01), eps=1e-05",0.001,0.01,1e-05,linear,345765489,0.99938
"U(0.001,0.01), eps=1e-05",0.001,0.01,1e-05,linear,417080497,0.99938
"U(0.001,0.01), eps=1e-05",0.001,0.01,1e-05,linear,503104405,0.99938
"U(0.001,0.01), eps=1e-05",0.001,0.01,1e-05,linear,606870961,0.99938
"U(0.001,0.01), eps=1e-05",0.001,0.01,1e-05,linear,732039633,0.99938
"U(0.001,0.01), eps=1e-05",0.001,0.01,1e-05,linear,883024660,0.99938
"U(0.001,0.01), eps=1e-05",0.001,0.01,1e-05,linear,1065150730,0.99938
"U(0.001,0.01), eps=1e-05",0.001,0.01,1e-05,linear,1284840764,0.99938
"U(0.001,0.01), eps=1e-05",0.001,0.01,1e-05,binary,856560,0.18902
"U(0.001,0.01), eps=1e-05",0.001,0.01,1e-05,binary,1033228,0.21005
"U(0.001,0.01), eps=1e-05",0.001,0.01,1e-05,binary,1246334,0.23205
"U(0.001,0.01), eps=1e-05",0.001,0.01,1e-05,binary,1503393,0.25477
"U(0.001,0.01), eps=1e-05",0.001,0.01,1e-05,binary,1813472,0.27565
"U(0.001,0.01), eps=1e-05",0.001,0.01,1e-05,binary,2187505,0.29947
"U(0.001,0.01), eps=1e-05",0.001,0.01,1e-05,binary,2638684,0.33093
"U(0.001,0.01), eps=1e-05",0.001,0.01,1e-05,binary,3182919,0.3542
"U(0.001,0.01), eps=1e-05",0.001,0.01,1e-05,binary,3839405,0.40373
"U(0.001,0.01), eps=1e-05",0.001,0.01,1e-05,binary,4631292,0.44005
"U(0.001,0.01), eps=1e-05",0.001,0.01,1e-05,binary,5586507,0.4789
"U(0.001,0.01), eps=1e-05",0.001,0.01,1e-05,binary,6738739,0.51845
"U(0.001,0.01), eps=1e-05",0.001,0.01,1e-05,binary,8128621,0.56032
"U(0.001,0.01), eps=1e-05",0.001,0.01,1e-05,binary,9805170,0.59772
"U(0.001,0.01), eps=1e-05",0.001,0.01,1e-05,binary,11827511,0.6427
"U(0.001,0.01), eps=1e-05",0.001,0.01,1e-05,binary,14266965,0.684
"U(0.001,0.01), eps=1e-05",0.001,0.01,1e-05,binary,17209563,0.724
"U(0.001,0.01), eps=1e-05",0.001,0.01,1e-05,binary,20759079,0.77523
"U(0.001,0.01), eps=1e-05",0.001,0.01,1e-05,binary,25040691,0.81078
"U(0.001,0.01), eps=1e-05",0.001,0.01,1e-05,binary,30205397,0.84915
"U(0.001,0.01), eps=1e-05",0.001,0.01,1e-05,binary,36435337,0.88287
"U(0.001,0.01), eps=1e-05",0.001,0.01,1e-05,binary,43950218,0.91392
"U(0.001,0.01), eps=1e-05",0.001,0.01,1e-05,binary,53015061,0.93827
"U(0.001,0.01), eps=1e-05",0.001,0.01,1e-05,binary,63949552,0.95617
"U(0.001,0.01), eps=1e-05",0.001,0.01,1e-05,binary,77139309,0.96845
"U(0.001,0.01), eps=1e-05",0.001,0.01,1e-05,binary,93049487,0.98103
"U(0.001,0.01), eps=1e-05",0.001,0.01,1e-05,binary,112241179,0.9879
"U(0.001,0.01), eps=1e-05",0.001,0.01,1e-05,binary,135391206,0.99257
"U(0.001,0.01), eps=1e-05",0.001,0.01,1e-05,binary,163315985,0.99645
"U(0.001,0.01), eps=1e-05",0.001,0.01,1e-05,binary,197000320,0.99777
"U(0.001,0.01), eps=1e-05",0.001,0.01,1e-05,binary,237632135,0.99875
"U(0.001,0.01), eps=1e-05",0.001,0.01,1e-05,binary,286644364,0.99885
"U(0.001,0.01), eps=1e-05",0.001,0.01,1e-05,binary,345765489,0.9995
"U(0.001,0.01), eps=1e-05",0.001,0.01,1e-05,binary,417080497,0.9995
"U(0.001,0.01), eps=1e-05",0.001,0.01,1e-05,binary,503104405,0.9995
"U(0.001,0.01), eps=1e-05",0.001,0.01,1e-05,binary,606870961,0.9995
"U(0.001,0.01), eps=1e-05",0.001,0.01,1e-05,binary,732039633,0.99948
"U(0.001,0.01), eps=1e-05",0.001,0.01,1e-05,binary,883024660,0.99948
"U(0.001,0.01), eps=1e-05",0.001,0.01,1e-05,binary,1065150730,0.99948
"U(0.001,0.01), eps=1e-05",0.001,0.01,1e-05,binary,1284840764,0.9995
"U(0.001,0.01), eps=1e-05",0.001,0.01,1e-05,reverse_eng,856560,0.2391
"U(0.001,0.01), eps=1e-05",0.001,0.01,1e-05,reverse_eng,1033228,0.26722
"U(0.001,0.01), eps=1e-05",0.001,0.01,1e-05,reverse_eng,1246334,0.29425
"U(0.001,0.01), eps=1e-05",0.001,0.01,1e-05,reverse_eng,1503393,0.31985
"U(0.001,0.01), eps=1e-05",0.001,0.01,1e-05,reverse_eng,1813472,0.3484
"U(0.001,0.01), eps=1e-05",0.001,0.01,1e-05,reverse_eng,2187505,0.3813
"U(0.001,0.01), eps=1e-05",0.001,0.01,1e-05,reverse_eng,2638684,0.41505
"U(0.001,0.01), eps=1e-05",0.001,0.01,1e-05,reverse_eng,3182919,0.45012
"U(0.001,0.01), eps=1e-05",0.001,0.01,1e-05,reverse_eng,3839405,0.4939
"U(0.001,0.01), eps=1e-05",0.001,0.01,1e-05,reverse_eng,4631292,0.52412
"U(0.001,0.01), eps=1e-05",0.001,0.01,1e-05,reverse_eng,5586507,0.5739
"U(0.001,0.01), eps=1e-05",0.001,0.01,1e-05,reverse_eng,6738739,0.61703
"U(0.001,0.01), eps=1e-05",0.001,0.01,1e-05,reverse_eng,8128621,0.65858
"U(0.001,0.01), eps=1e-05",0.001,0.01,1e-05,reverse_eng,9805170,0.70295
"U(0.001,0.01), eps=1e-05",0.001,0.01,1e-05,reverse_eng,11827511,0.74108
"U(0.001,0.01), eps=1e-05",0.001,0.01,1e-05,reverse_eng,14266965,0.78302
"U(0.001,0.01), eps=1e-05",0.001,0.01,1e-05,reverse_eng,17209563,0.82155
"U(0.001,0.01), eps=1e-05",0.001,0.01,1e-05,reverse_eng,20759079,0.8561
"U(0.001,0.01), eps=1e-05",0.001,0.01,1e-05,reverse_eng,25040691,0.88787
"U(0.001,0.01), eps=1e-05",0.001,0.01,1e-05,reverse_eng,30205397,0.91625
"U(0.001,0.01), eps=1e-05",0.001,0.01,1e-05,reverse_eng,36435337,0.93483
"U(0.001,0.01), eps=1e-05",0.001,0.01,1e-05,reverse_eng,43950218,0.95457
"U(0.001,0.01), eps=1e-05",0.001,0.01,1e-05,reverse_eng,53015061,0.97075
"U(0.001,0.01), eps=1e-05",0.001,0.01,1e-05,reverse_eng,63949552,0.98082
"U(0.001,0.01), eps=1e-05",0.001,0.01,1e-05,reverse_eng,77139309,0.9902
"U(0.001,0.01), eps=1e-05",0.001,0.01,1e-05,reverse_eng,93049487,0.9945
"U(0.001,0.01), eps=1e-05",0.001,0.01,1e-05,reverse_eng,112241179,0.99718
"U(0.001,0.01), eps=1e-05",0.001,0.01,1e-05,reverse_eng,135391206,0.99857
"U(0.001,0.01), eps=1e-05",0.001,0.01,1e-05,reverse_eng,163315985,0.99925
"U(0.001,0.01), eps=1e-05",0.001,0.01,1e-05,reverse_eng,197000320,0.99955
"U(0.001,0.01), eps=1e-05",0.001,0.01,1e-05,reverse_eng,237632135,0.99967
"U(0.001,0.01), eps=1e-05",0.001,0.01,1e-05,reverse_eng,286644364,0.99967
"U(0.001,0.01), eps=1e-05",0.001,0.01,1e-05,reverse_eng,345765489,0.99967
"U(0.001,0.01), eps=1e-05",0.001,0.01,1e-05,reverse_eng,417080497,0.9997
"U(0.001,0.01), eps=1e-05",0.001,0.01,1e-05,reverse_eng,503104405,0.9997
"U(0.001,0.01), eps=1e-05",0.001,0.01,1e-05,reverse_eng,606870961,0.9997
"U(0.001,0.01), eps=1e-05",0.001,0.01,1e-05,reverse_eng,732039633,0.9997
"U(0.001,0.01), eps=1e-05",0.001,0.01,1e-05,reverse_eng,883024660,0.9997
"U(0.001,0.01), eps=1e-05",0.001,0.01,1e-05,reverse_eng,1065150730,0.9997
"U(0.001,0.01), eps=1e-05",0.001,0.01,1e-05,reverse_eng,1284840764,0.9997
"U(0.001,0.01), eps=1e-05",0.001,0.01,1e-05,binary_risk,856560,0.2207
"U(0.001,0.01), eps=1e-05",0.001,0.01,1e-05,binary_risk,1033228,0.24388
"U(0.001,0.01), eps=1e-05",0.001,0.01,1e-05,binary_risk,1246334,0.27143
"U(0.001,0.01), eps=1e-05",0.001,0.01,1e-05,binary_risk,1503393,0.29728
"U(0.001,0.01), eps=1e-05",0.001,0.01,1e-05,binary_risk,1813472,0.32275
"U(0.001,0.01), eps=1e-05",0.001,0.01,1e-05,binary_risk,2187505,0.3574
"U(0.001,0.01), eps=1e-05",0.001,0.01,1e-05,binary_risk,2638684,0.38793
"U(0.001,0.01), eps=1e-05",0.001,0.01,1e-05,binary_risk,3182919,0.4339
"U(0.001,0.01), eps=1e-05",0.001,0.01,1e-05,binary_risk,3839405,0.4699
"U(0.001,0.01), eps=1e-05",0.001,0.01,1e-05,binary_risk,4631292,0.51143
"U(0.001,0.01), eps=1e-05",0.001,0.01,1e-05,binary_risk,5586507,0.55532
"U(0.001,0.01), eps=1e-05",0.001,0.01,1e-05,binary_risk,6738739,0.6005
"U(0.001,0.01), eps=1e-05",0.001,0.01,1e-05,binary_risk,8128621,0.64487
"U(0.001,0.01), eps=1e-05",0.001,0.01,1e-05,binary_risk,9805170,0.68905
"U(0.001,0.01), eps=1e-05",0.001,0.01,1e-05,binary_risk,11827511,0.7311
"U(0.001,0.01), eps=1e-05",0.001,0.01,1e-05,binary_risk,14266965,0.77463
"U(0.001,0.01), eps=1e-05",0.001,0.01,1e-05,binary_risk,17209563,0.81068
"U(0.001,0.01), eps=1e-05",0.001,0.01,1e-05,binary_risk,20759079,0.8432
"U(0.001,0.01), eps=1e-05",0.001,0.01,1e-05,binary_risk,25040691,0.88055
"U(0.001,0.01), eps=1e-05",0.001,0.01,1e-05,binary_risk,30205397,0.9094
"U(0.001,0.01), eps=1e-05",0.001,0.01,1e-05,binary_risk,36435337,0.93283
"U(0.001,0.01), eps=1e-05",0.001,0.01,1e-05,binary_risk,43950218,0.9569
"U(0.001,0.01), eps=1e-05",0.001,0.01,1e-05,binary_risk,53015061,0.97132
"U(0.001,0.01), eps=1e-05",0.001,0.01,1e-05,binary_risk,63949552,0.98205
"U(0.001,0.01), eps=1e-05",0.001,0.01,1e-05,binary_risk,77139309,0.98975
"U(0.001,0.01), eps=1e-05",0.001,0.01,1e-05,binary_risk,93049487,0.9948
"U(0.001,0.01), eps=1e-05",0.001,0.01,1e-05,binary_risk,112241179,0.99718
"U(0.001,0.01), eps=1e-05",0.001,0.01,1e-05,binary_risk,135391206,0.9984
"U(0.001,0.01), eps=1e-05",0.001,0.01,1e-05,binary_risk,163315985,0.99935
"U(0.001,0.01), eps=1e-05",0.001,0.01,1e-05,binary_risk,197000320,0.9987
"U(0.001,0.01), eps=1e-05",0.001,0.01,1e-05,binary_risk,237632135,0.99933
"U(0.001,0.01), eps=1e-05",0.001,0.01,1e-05,binary_risk,286644364,0.99945
"U(0.001,0.01), eps=1e-05",0.001,0.01,1e-05,binary_risk,345765489,0.99977
"U(0.001,0.01), eps=1e-05",0.001,0.01,1e-05,binary_risk,417080497,0.9999
"U(0.001,0.01), eps=1e-05",0.001,0.01,1e-05,binary_risk,503104405,0.99995
"U(0.001,0.01), eps=1e-05",0.001,0.01,1e-05,binary_risk,606870961,1.0
"U(0.001,0.01), eps=1e-05",0.001,0.01,1e-05,binary_risk,732039633,1.0
"U(0.001,0.01), eps=1e-05",0.001,0.01,1e-05,binary_risk,883024660,1.0
"U(0.001,0.01), eps=1e-05",0.001,0.01,1e-05,binary_risk,1065150730,1.0
"U(0.001,0.01), eps=1e-05",0.001,0.01,1e-05,binary_risk,1284840764,1.0
"U(0.001,0.01), eps=1e-05",0.001,0.01,1e-05,reverse_eng_risk,856560,0.25317
"U(0.001,0.01), eps=1e-05",0.001,0.01,1e-05,reverse_eng_risk,1033228,0.27692
"U(0.001,0.01), eps=1e-05",0.001,0.01,1e-05,reverse_eng_risk,1246334,0.30128
"U(0.001,0.01), eps=1e-05",0.001,0.01,1e-05,reverse_eng_risk,1503393,0.32785
"U(0.001,0.01), eps=1e-05",0.001,0.01,1e-05,reverse_eng_risk,1813472,0.36378
"U(0.001,0.01), eps=1e-05",0.001,0.01,1e-05,reverse_eng_risk,2187505,0.38522
"U(0.001,0.01), eps=1e-05",0.001,0.01,1e-05,reverse_eng_risk,2638684,0.43407
"U(0.001,0.01), eps=1e-05",0.001,0.01,1e-05,reverse_eng_risk,3182919,0.4704
"U(0.001,0.01), eps=1e-05",0.001,0.01,1e-05,reverse_eng_risk,3839405,0.5079
"U(0.001,0.01), eps=1e-05",0.001,0.01,1e-05,reverse_eng_risk,4631292,0.54853
"U(0.001,0.01), eps=1e-05",0.001,0.01,1e-05,reverse_eng_risk,5586507,0.59005
"U(0.001,0.01), eps=1e-05",0.001,0.01,1e-05,reverse_eng_risk,6738739,0.63372
"U(0.001,0.01), eps=1e-05",0.001,0.01,1e-05,reverse_eng_risk,8128621,0.67545
"U(0.001,0.01), eps=1e-05",0.001,0.01,1e-05,reverse_eng_risk,9805170,0.71665
"U(0.001,0.01), eps=1e-05",0.001,0.01,1e-05,reverse_eng_risk,11827511,0.75792
"U(0.001,0.01), eps=1e-05",0.001,0.01,1e-05,reverse_eng_risk,14266965,0.79905
"U(0.001,0.01), eps=1e-05",0.001,0.01,1e-05,reverse_eng_risk,17209563,0.83462
"U(0.001,0.01), eps=1e-05",0.001,0.01,1e-05,reverse_eng_risk,20759079,0.86743
"U(0.001,0.01), eps=1e-05",0.001,0.01,1e-05,reverse_eng_risk,25040691,0.89792
"U(0.001,0.01), eps=1e-05",0.001,0.01,1e-05,reverse_eng_risk,30205397,0.92248
"U(0.001,0.01), eps=1e-05",0.001,0.01,1e-05,reverse_eng_risk,36435337,0.9447
"U(0.001,0.01), eps=1e-05",0.001,0.01,1e-05,reverse_eng_risk,43950218,0.9605
"U(0.001,0.01), eps=1e-05",0.001,0.01,1e-05,reverse_eng_risk,53015061,0.9741
"U(0.001,0.01), eps=1e-05",0.001,0.01,1e-05,reverse_eng_risk,63949552,0.98547
"U(0.001,0.01), eps=1e-05",0.001,0.01,1e-05,reverse_eng_risk,77139309,0.9915
"U(0.001,0.01), eps=1e-05",0.001,0.01,1e-05,reverse_eng_risk,93049487,0.99557
"U(0.001,0.01), eps=1e-05",0.001,0.01,1e-05,reverse_eng_risk,112241179,0.99772
"U(0.001,0.01), eps=1e-05",0.001,0.01,1e-05,reverse_eng_risk,135391206,0.99918
"U(0.001,0.01), eps=1e-05",0.001,0.01,1e-05,reverse_eng_risk,163315985,0.99965
"U(0.001,0.01), eps=1e-05",0.001,0.01,1e-05,reverse_eng_risk,197000320,0.99982
"U(0.001,0.01), eps=1e-05",0.001,0.01,1e-05,reverse_eng_risk,237632135,0.99997
"U(0.001,0.01), eps=1e-05",0.001,0.01,1e-05,reverse_eng_risk,286644364,0.99997
"U(0.001,0.01), eps=1e-05",0.001,0.01,1e-05,reverse_eng_risk,345765489,1.0
"U(0.001,0.01), eps=1e-05",0.001,0.01,1e-05,reverse_eng_risk,417080497,1.0
"U(0.001,0.01), eps=1e-05",0.001,0.01,1e-05,reverse_eng_risk,503104405,1.0
"U(0.001,0.01), eps=1e-05",0.001,0.01,1e-05,reverse_eng_risk,606870961,1.0
"U(0.001,0.01), eps=1e-05",0.001,0.01,1e-05,reverse_eng_risk,732039633,1.0
"U(0.001,0.01), eps=1e-05",0.001,0.01,1e-05,reverse_eng_risk,883024660,1.0
"U(0.001,0.01), eps=1e-05",0.001,0.01,1e-05,reverse_eng_risk,1065150730,1.0
"U(0.001,0.01), eps=1e-05",0.001,0.01,1e-05,reverse_eng_risk,1284840764,1.0
"U(0.01,0.1), eps=1e-06",0.01,0.1,1e-06,brute,896533333,0.185
"U(0.01,0.1), eps=1e-06",0.01,0.1,1e-06,brute,1081445601,0.20233
"U(0.01,0.1), eps=1e-06",0.01,0.1,1e-06,brute,1304496493,0.22175
"U(0.01,0.1), eps=1e-06",0.01,0.1,1e-06,brute,1573552196,0.2425
"U(0.01,0.1), eps=1e-06",0.01,0.1,1e-06,brute,1898101319,0.26498
"U(0.01,0.1), eps=1e-06",0.01,0.1,1e-06,brute,2289589519,0.29183
"U(0.01,0.1), eps=1e-06",0.01,0.1,1e-06,brute,2761823151,0.31753
"U(0.01,0.1), eps=1e-06",0.01,0.1,1e-06,brute,3331456165,0.34642
"U(0.01,0.1), eps=1e-06",0.01,0.1,1e-06,brute,4018577429,0.37717
"U(0.01,0.1), eps=1e-06",0.01,0.1,1e-06,brute,4847419193,0.41142
"U(0.01,0.1), eps=1e-06",0.01,0.1,1e-06,brute,5847211667,0.44727
"U(0.01,0.1), eps=1e-06",0.01,0.1,1e-06,brute,7053213870,0.48568
"U(0.01,0.1), eps=1e-06",0.01,0.1,1e-06,brute,8507957079,0.52553
"U(0.01,0.1), eps=1e-06",0.01,0.1,1e-06,brute,10262744755,0.56698
"U(0.01,0.1), eps=1e-06",0.01,0.1,1e-06,brute,12379461831,0.61193
"U(0.01,0.1), eps=1e-06",0.01,0.1,1e-06,brute,14932757159,0.65875
"U(0.01,0.1), eps=1e-06",0.01,0.1,1e-06,brute,18012676110,0.70355
"U(0.01,0.1), eps=1e-06",0.01,0.1,1e-06,brute,21727836139,0.74767
"U(0.01,0.1), eps=1e-06",0.01,0.1,1e-06,brute,26209257324,0.7927
"U(0.01,0.1), eps=1e-06",0.01,0.1,1e-06,brute,31614982969,0.83408
"U(0.01,0.1), eps=1e-06",0.01,0.1,1e-06,brute,38135653207,0.87143
"U(0.01,0.1), eps=1e-06",0.01,0.1,1e-06,brute,46001228182,0.90445
"U(0.01,0.1), eps=1e-06",0.01,0.1,1e-06,brute,55489097899,0.9331
"U(0.01,0.1), eps=1e-06",0.01,0.1,1e-06,brute,66933864754,0.95465
"U(0.01,0.1), eps=1e-06",0.01,0.1,1e-06,brute,80739143733,0.9717
"U(0.01,0.1), eps=1e-06",0.01,0.1,1e-06,brute,97391796436,0.9838
"U(0.01,0.1), eps=1e-06",0.01,0.1,1e-06,brute,117479100897,0.9924
"U(0.01,0.1), eps=1e-06",0.01,0.1,1e-06,brute,141709462734,0.99672
"U(0.01,0.1), eps=1e-06",0.01,0.1,1e-06,brute,170937398014,0.99875
"U(0.01,0.1), eps=1e-06",0.01,0.1,1e-06,brute,206193668906,0.99972
"U(0.01,0.1), eps=1e-06",0.01,0.1,1e-06,brute,248721634884,0.99992
"U(0.01,0.1), eps=1e-06",0.01,0.1,1e-06,brute,300021101460,1.0
"U(0.01,0.1), eps=1e-06",0.01,0.1,1e-06,brute,361901212829,1.0
"U(0.01,0.1), eps=1e-06",0.01,0.1,1e-06,brute,436544253753,1.0
"U(0.01,0.1), eps=1e-06",0.01,0.1,1e-06,brute,526582610750,1.0
"U(0.01,0.1), eps=1e-06",0.01,0.1,1e-06,brute,635191606717,1.0
"U(0.01,0.1), eps=1e-06",0.01,0.1,1e-06,brute,766201482932,1.0
"U(0.01,0.1), eps=1e-06",0.01,0.1,1e-06,brute,924232477633,1.0
"U(0.01,0.1), eps=1e-06",0.01,0.1,1e-06,brute,1114857764883,1.0
"U(0.01,0.1), eps=1e-06",0.01,0.1,1e-06,brute,1344800000000,1.0
"U(0.01,0.1), eps=1e-06",0.01,0.1,1e-06,separable,896533333,0.04858
"U(0.01,0.1), eps=1e-06",0.01,0.1,1e-06,separable,1081445601,0.05395
"U(0.01,0.1), eps=1e-06",0.01,0.1,1e-06,separable,1304496493,0.0591
"U(0.01,0.1), eps=1e-06",0.01,0.1,1e-06,separable,1573552196,0.06477
"U(0.01,0.1), eps=1e-06",0.01,0.1,1e-06,separable,1898101319,0.07147
"U(0.01,0.1), eps=1e-06",0.01,0.1,1e-06,separable,2289589519,0.0786
"U(0.01,0.1), eps=1e-06",0.01,0.1,1e-06,separable,2761823151,0.08612
"U(0.01,0.1), eps=1e-06",0.01,0.1,1e-06,separable,3331456165,0.09515
"U(0.01,0.1), eps=1e-06",0.01,0.1,1e-06,separable,4018577429,0.10372
"U(0.01,0.1), eps=1e-06",0.01,0.1,1e-06,separable,4847419193,0.11388
"U(0.01,0.1), eps=1e-06",0.01,0.1,1e-06,separable,5847211667,0.12458
"U(0.01,0.1), eps=1e-06",0.01,0.1,1e-06,separable,7053213870,0.1365
"U(0.01,0.1), eps=1e-06",0.01,0.1,1e-06,separable,8507957079,0.14833
"U(0.01,0.1), eps=1e-06",0.01,0.1,1e-06,separable,10262744755,0.16267
"U(0.01,0.1), eps=1e-06",0.01,0.1,1e-06,separable,12379461831,0.17805
"U(0.01,0.1), eps=1e-06",0.01,0.1,1e-06,separable,14932757159,0.19503
"U(0.01,0.1), eps=1e-06",0.01,0.1,1e-06,separable,18012676110,0.2131
"U(0.01,0.1), eps=1e-06",0.01,0.1,1e-06,separable,21727836139,0.23325
"U(0.01,0.1), eps=1e-06",0.01,0.1,1e-06,separable,26209257324,0.25415
"U(0.01,0.1), eps=1e-06",0.01,0.1,1e-06,separable,31614982969,0.2797
"U(0.01,0.1), eps=1e-06",0.01,0.1,1e-06,separable,38135653207,0.30597
"U(0.01,0.1), eps=1e-06",0.01,0.1,1e-06,separable,46001228182,0.33403
"U(0.01,0.1), eps=1e-06",0.01,0.1,1e-06,separable,55489097899,0.36355
"U(0.01,0.1), eps=1e-06",0.01,0.1,1e-06,separable,66933864754,0.39648
"U(0.01,0.1), eps=1e-06",0.01,0.1,1e-06,separable,80739143733,0.43052
"U(0.01,0.1), eps=1e-06",0.01,0.1,1e-06,separable,97391796436,0.468
"U(0.01,0.1), eps=1e-06",0.01,0.1,1e-06,separable,117479100897,0.5081
"U(0.01,0.1), eps=1e-06",0.01,0.1,1e-06,separable,141709462734,0.548
"U(0.01,0.1), eps=1e-06",0.01,0.1,1e-06,separable,170937398014,0.59237
"U(0.01,0.1), eps=1e-06",0.01,0.1,1e-06,separable,206193668906,0.63818
"U(0.01,0.1), eps=1e-06",0.01,0.1,1e-06,separable,248721634884,0.68307
"U(0.01,0.1), eps=1e-06",0.01,0.1,1e-06,separable,300021101460,0.72825
"U(0.01,0.1), eps=1e-06",0.01,0.1,1e-06,separable,361901212829,0.77343
"U(0.01,0.1), eps=1e-06",0.01,0.1,1e-06,separable,436544253753,0.8173
"U(0.01,0.1), eps=1e-06",0.01,0.1,1e-06,separable,526582610750,0.8553
"U(0.01,0.1), eps=1e-06",0.01,0.1,1e-06,separable,635191606717,0.89125
"U(0.01,0.1), eps=1e-06",0.01,0.1,1e-06,separable,766201482932,0.9209
"U(0.01,0.1), eps=1e-06",0.01,0.1,1e-06,separable,924232477633,0.94598
"U(0.01,0.1), eps=1e-06",0.01,0.1,1e-06,separable,1114857764883,0.9649
"U(0.01,0.1), eps=1e-06",0.01,0.1,1e-06,separable,1344800000000,0.97945
"U(0.01,0.1), eps=1e-06",0.01,0.1,1e-06,linear,896533333,0.2475
"U(0.01,0.1), eps=1e-06",0.01,0.1,1e-06,linear,1081445601,0.26982
"U(0.01,0.1), eps=1e-06",0.01,0.1,1e-06,linear,1304496493,0.2928
"U(0.01,0.1), eps=1e-06",0.01,0.1,1e-06,linear,1573552196,0.32227
"U(0.01,0.1), eps=1e-06",0.01,0.1,1e-06,linear,1898101319,0.34987
"U(0.01,0.1), eps=1e-06",0.01,0.1,1e-06,linear,2289589519,0.38307
"U(0.01,0.1), eps=1e-06",0.01,0.1,1e-06,linear,2761823151,0.41583
"U(0.01,0.1), eps=1e-06",0.01,0.1,1e-06,linear,3331456165,0.45003
"U(0.01,0.1), eps=1e-06",0.01,0.1,1e-06,linear,4018577429,0.48795
"U(0.01,0.1), eps=1e-06",0.01,0.1,1e-06,linear,4847419193,0.52628
"U(0.01,0.1), eps=1e-06",0.01,0.1,1e-06,linear,5847211667,0.56522
"U(0.01,0.1), eps=1e-06",0.01,0.1,1e-06,linear,7053213870,0.6075
"U(0.01,0.1), eps=1e-06",0.01,0.1,1e-06,linear,8507957079,0.65223
"U(0.01,0.1), eps=1e-06",0.01,0.1,1e-06,linear,10262744755,0.694
"U(0.01,0.1), eps=1e-06",0.01,0.1,1e-06,linear,12379461831,0.73372
"U(0.01,0.1), eps=1e-06",0.01,0.1,1e-06,linear,14932757159,0.77455
"U(0.01,0.1), eps=1e-06",0.01,0.1,1e-06,linear,18012676110,0.81327
"U(0.01,0.1), eps=1e-06",0.01,0.1,1e-06,linear,21727836139,0.85045
"U(0.01,0.1), eps=1e-06",0.01,0.1,1e-06,linear,26209257324,0.88243
"U(0.01,0.1), eps=1e-06",0.01,0.1,1e-06,linear,31614982969,0.91048
"U(0.01,0.1), eps=1e-06",0.01,0.1,1e-06,linear,38135653207,0.93358
"U(0.01,0.1), eps=1e-06",0.01,0.1,1e-06,linear,46001228182,0.95252
"U(0.01,0.1), eps=1e-06",0.01,0.1,1e-06,linear,55489097899,0.96355
"U(0.01,0.1), eps=1e-06",0.01,0.1,1e-06,linear,66933864754,0.98105
"U(0.01,0.1), eps=1e-06",0.01,0.1,1e-06,linear,80739143733,0.98425
"U(0.01,0.1), eps=1e-06",0.01,0.1,1e-06,linear,97391796436,0.99005
"U(0.01,0.1), eps=1e-06",0.01,0.1,1e-06,linear,117479100897,0.99615
"U(0.01,0.1), eps=1e-06",0.01,0.1,1e-06,linear,141709462734,0.99805
"U(0.01,0.1), eps=1e-06",0.01,0.1,1e-06,linear,170937398014,0.99872
"U(0.01,0.1), eps=1e-06",0.01,0.1,1e-06,linear,206193668906,0.99865
"U(0.01,0.1), eps=1e-06",0.01,0.1,1e-06,linear,248721634884,0.99965
"U(0.01,0.1), eps=1e-06",0.01,0.1,1e-06,linear,300021101460,0.99992
"U(0.01,0.1), eps=1e-06",0.01,0.1,1e-06,linear,361901212829,0.99995
"U(0.01,0.1), eps=1e-06",0.01,0.1,1e-06,linear,436544253753,0.99995
"U(0.01,0.1), eps=1e-06",0.01,0.1,1e-06,linear,526582610750,0.99995
"U(0.01,0.1), eps=1e-06",0.01,0.1,1e-06,linear,635191606717,0.99995
"U(0.01,0.1), eps=1e-06",0.01,0.1,1e-06,linear,766201482932,0.99995
"U(0.01,0.1), eps=1e-06",0.01,0.1,1e-06,linear,924232477633,0.99995
"U(0.01,0.1), eps=1e-06",0.01,0.1,1e-06,linear,1114857764883,0.99995
"U(0.01,0.1), eps=1e-06",0.01,0.1,1e-06,linear,1344800000000,0.99995
"U(0.01,0.1), eps=1e-06",0.01,0.1,1e-06,binary,896533333,0.25835
"U(0.01,0.1), eps=1e-06",0.01,0.1,1e-06,binary,1081445601,0.2869
"U(0.01,0.1), eps=1e-06",0.01,0.1,1e-06,binary,1304496493,0.31355
"U(0.01,0.1), eps=1e-06",0.01,0.1,1e-06,binary,1573552196,0.3425
"U(0.01,0.1), eps=1e-06",0.01,0.1,1e-06,binary,1898101319,0.36175
"U(0.01,0.1), eps=1e-06",0.01,0.1,1e-06,binary,2289589519,0.3969
"U(0.01,0.1), eps=1e-06",0.01,0.1,1e-06,binary,2761823151,0.43585
"U(0.01,0.1), eps=1e-06",0.01,0.1,1e-06,binary,3331456165,0.475
"U(0.01,0.1), eps=1e-06",0.01,0.1,1e-06,binary,4018577429,0.5103
"U(0.01,0.1), eps=1e-06",0.01,0.1,1e-06,binary,4847419193,0.55125
"U(0.01,0.1), eps=1e-06",0.01,0.1,1e-06,binary,5847211667,0.59252
"U(0.01,0.1), eps=1e-06",0.01,0.1,1e-06,binary,7053213870,0.63445
"U(0.01,0.1), eps=1e-06",0.01,0.1,1e-06,binary,8507957079,0.67522
"U(0.01,0.1), eps=1e-06",0.01,0.1,1e-06,binary,10262744755,0.71452
"U(0.01,0.1), eps=1e-06",0.01,0.1,1e-06,binary,12379461831,0.7525
"U(0.01,0.1), eps=1e-06",0.01,0.1,1e-06,binary,14932757159,0.79097
"U(0.01,0.1), eps=1e-06",0.01,0.1,1e-06,binary,18012676110,0.82732
"U(0.01,0.1), eps=1e-06",0.01,0.1,1e-06,binary,21727836139,0.86138
"U(0.01,0.1), eps=1e-06",0.01,0.1,1e-06,binary,26209257324,0.88633
"U(0.01,0.1), eps=1e-06",0.01,0.1,1e-06,binary,31614982969,0.91122
"U(0.01,0.1), eps=1e-06",0.01,0.1,1e-06,binary,38135653207,0.9391
"U(0.01,0.1), eps=1e-06",0.01,0.1,1e-06,binary,46001228182,0.95855
"U(0.01,0.1), eps=1e-06",0.01,0.1,1e-06,binary,55489097899,0.97232
"U(0.01,0.1), eps=1e-06",0.01,0.1,1e-06,binary,66933864754,0.98262
"U(0.01,0.1), eps=1e-06",0.01,0.1,1e-06,binary,80739143733,0.98977
"U(0.01,0.1), eps=1e-06",0.01,0.1,1e-06,binary,97391796436,0.9941
"U(0.01,0.1), eps=1e-06",0.01,0.1,1e-06,binary,117479100897,0.99613
"U(0.01,0.1), eps=1e-06",0.01,0.1,1e-06,binary,141709462734,0.99803
"U(0.01,0.1), eps=1e-06",0.01,0.1,1e-06,binary,170937398014,0.99908
"U(0.01,0.1), eps=1e-06",0.01,0.1,1e-06,binary,206193668906,0.99955
"U(0.01,0.1), eps=1e-06",0.01,0.1,1e-06,binary,248721634884,0.99955
"U(0.01,0.1), eps=1e-06",0.01,0.1,1e-06,binary,300021101460,0.9994
"U(0.01,0.1), eps=1e-06",0.01,0.1,1e-06,binary,361901212829,0.99833
"U(0.01,0.1), eps=1e-06",0.01,0.1,1e-06,binary,436544253753,0.99833
"U(0.01,0.1), eps=1e-06",0.01,0.1,1e-06,binary,526582610750,0.99833
"U(0.01,0.1), eps=1e-06",0.01,0.1,1e-06,binary,635191606717,0.99833
"U(0.01,0.1), eps=1e-06",0.01,0.1,1e-06,binary,766201482932,0.99833
"U(0.01,0.1), eps=1e-06",0.01,0.1,1e-06,binary,924232477633,0.99833
"U(0.01,0.1), eps=1e-06",0.01,0.1,1e-06,binary,1114857764883,0.99833
"U(0.01,0.1), eps=1e-06",0.01,0.1,1e-06,binary,1344800000000,0.99833
"U(0.01,0.1), eps=1e-06",0.01,0.1,1e-06,reverse_eng,896533333,0.27482
"U(0.01,0.1), eps=1e-06",0.01,0.1,1e-06,reverse_eng,1081445601,0.2994
"U(0.01,0.1), eps=1e-06",0.01,0.1,1e-06,reverse_eng,1304496493,0.32598
"U(0.01,0.1), eps=1e-06",0.01,0.1,1e-06,reverse_eng,1573552196,0.35545
"U(0.01,0.1), eps=1e-06",0.01,0.1,1e-06,reverse_eng,1898101319,0.38585
"U(0.01,0.1), eps=1e-06",0.01,0.1,1e-06,reverse_eng,2289589519,0.4181
"U(0.01,0.1), eps=1e-06",0.01,0.1,1e-06,reverse_eng,2761823151,0.4529
"U(0.01,0.1), eps=1e-06",0.01,0.1,1e-06,reverse_eng,3331456165,0.49065
"U(0.01,0.1), eps=1e-06",0.01,0.1,1e-06,reverse_eng,4018577429,0.52912
"U(0.01,0.1), eps=1e-06",0.01,0.1,1e-06,reverse_eng,4847419193,0.56735
"U(0.01,0.1), eps=1e-06",0.01,0.1,1e-06,reverse_eng,5847211667,0.60815
"U(0.01,0.1), eps=1e-06",0.01,0.1,1e-06,reverse_eng,7053213870,0.6497
"U(0.01,0.1), eps=1e-06",0.01,0.1,1e-06,reverse_eng,8507957079,0.6918
"U(0.01,0.1), eps=1e-06",0.01,0.1,1e-06,reverse_eng,10262744755,0.7309
"U(0.01,0.1), eps=1e-06",0.01,0.1,1e-06,reverse_eng,12379461831,0.76975
"U(0.01,0.1), eps=1e-06",0.01,0.1,1e-06,reverse_eng,14932757159,0.80712
"U(0.01,0.1), eps=1e-06",0.01,0.1,1e-06,reverse_eng,18012676110,0.84162
"U(0.01,0.1), eps=1e-06",0.01,0.1,1e-06,reverse_eng,21727836139,0.87255
"U(0.01,0.1), eps=1e-06",0.01,0.1,1e-06,reverse_eng,26209257324,0.90102
"U(0.01,0.1), eps=1e-06",0.01,0.1,1e-06,reverse_eng,31614982969,0.9262
"U(0.01,0.1), eps=1e-06",0.01,0.1,1e-06,reverse_eng,38135653207,0.9463
"U(0.01,0.1), eps=1e-06",0.01,0.1,1e-06,reverse_eng,46001228182,0.96118
"U(0.01,0.1), eps=1e-06",0.01,0.1,1e-06,reverse_eng,55489097899,0.97598
"U(0.01,0.1), eps=1e-06",0.01,0.1,1e-06,reverse_eng,66933864754,0.98528
"U(0.01,0.1), eps=1e-06",0.01,0.1,1e-06,reverse_eng,80739143733,0.9917
"U(0.01,0.1), eps=1e-06",0.01,0.1,1e-06,reverse_eng,97391796436,0.99587
"U(0.01,0.1), eps=1e-06",0.01,0.1,1e-06,reverse_eng,117479100897,0.99733
"U(0.01,0.1), eps=1e-06",0.01,0.1,1e-06,reverse_eng,141709462734,0.99835
"U(0.01,0.1), eps=1e-06",0.01,0.1,1e-06,reverse_eng,170937398014,0.99908
"U(0.01,0.1), eps=1e-06",0.01,0.1,1e-06,reverse_eng,206193668906,0.99955
"U(0.01,0.1), eps=1e-06",0.01,0.1,1e-06,reverse_eng,248721634884,0.99977
"U(0.01,0.1), eps=1e-06",0.01,0.1,1e-06,reverse_eng,300021101460,0.99985
"U(0.01,0.1), eps=1e-06",0.01,0.1,1e-06,reverse_eng,361901212829,0.99985
"U(0.01,0.1), eps=1e-06",0.01,0.1,1e-06,reverse_eng,436544253753,0.99985
"U(0.01,0.1), eps=1e-06",0.01,0.1,1e-06,reverse_eng,526582610750,0.99985
"U(0.01,0.1), eps=1e-06",0.01,0.1,1e-06,reverse_eng,635191606717,0.99985
"U(0.01,0.1), eps=1e-06",0.01,0.1,1e-06,reverse_eng,766201482932,0.99985
"U(0.01,0.1), eps=1e-06",0.01,0.1,1e-06,reverse_eng,924232477633,0.99985
"U(0.01,0.1), eps=1e-06",0.01,0.1,1e-06,reverse_eng,1114857764883,0.99985
"U(0.01,0.1), eps=1e-06",0.01,0.1,1e-06,reverse_eng,1344800000000,0.99985
"U(0.01,0.1), eps=1e-06",0.01,0.1,1e-06,binary_risk,896533333,0.27632
"U(0.01,0.1), eps=1e-06",0.01,0.1,1e-06,binary_risk,1081445601,0.30245
"U(0.01,0.1), eps=1e-06",0.01,0.1,1e-06,binary_risk,1304496493,0.32648
"U(0.01,0.1), eps=1e-06",0.01,0.1,1e-06,binary_risk,1573552196,0.35297
"U(0.01,0.1), eps=1e-06",0.01,0.1,1e-06,binary_risk,1898101319,0.3868
"U(0.01,0.1), eps=1e-06",0.01,0.1,1e-06,binary_risk,2289589519,0.414
"U(0.01,0.1), eps=1e-06",0.01,0.1,1e-06,binary_risk,2761823151,0.45765
"U(0.01,0.1), eps=1e-06",0.01,0.1,1e-06,binary_risk,3331456165,0.4934
"U(0.01,0.1), eps=1e-06",0.01,0.1,1e-06,binary_risk,4018577429,0.53578
"U(0.01,0.1), eps=1e-06",0.01,0.1,1e-06,binary_risk,4847419193,0.57452
"U(0.01,0.1), eps=1e-06",0.01,0.1,1e-06,binary_risk,5847211667,0.617
"U(0.01,0.1), eps=1e-06",0.01,0.1,1e-06,binary_risk,7053213870,0.6567
"U(0.01,0.1), eps=1e-06",0.01,0.1,1e-06,binary_risk,8507957079,0.69685
"U(0.01,0.1), eps=1e-06",0.01,0.1,1e-06,binary_risk,10262744755,0.73623
"U(0.01,0.1), eps=1e-06",0.01,0.1,1e-06,binary_risk,12379461831,0.7741
"U(0.01,0.1), eps=1e-06",0.01,0.1,1e-06,binary_risk,14932757159,0.81207
"U(0.01,0.1), eps=1e-06",0.01,0.1,1e-06,binary_risk,18012676110,0.84695
"U(0.01,0.1), eps=1e-06",0.01,0.1,1e-06,binary_risk,21727836139,0.8781
"U(0.01,0.1), eps=1e-06",0.01,0.1,1e-06,binary_risk,26209257324,0.90758
"U(0.01,0.1), eps=1e-06",0.01,0.1,1e-06,binary_risk,31614982969,0.93068
"U(0.01,0.1), eps=1e-06",0.01,0.1,1e-06,binary_risk,38135653207,0.95078
"U(0.01,0.1), eps=1e-06",0.01,0.1,1e-06,binary_risk,46001228182,0.96708
"U(0.01,0.1), eps=1e-06",0.01,0.1,1e-06,binary_risk,55489097899,0.97875
"U(0.01,0.1), eps=1e-06",0.01,0.1,1e-06,binary_risk,66933864754,0.9866
"U(0.01,0.1), eps=1e-06",0.01,0.1,1e-06,binary_risk,80739143733,0.99287
"U(0.01,0.1), eps=1e-06",0.01,0.1,1e-06,binary_risk,97391796436,0.9963
"U(0.01,0.1), eps=1e-06",0.01,0.1,1e-06,binary_risk,117479100897,0.99828
"U(0.01,0.1), eps=1e-06",0.01,0.1,1e-06,binary_risk,141709462734,0.9992
"U(0.01,0.1), eps=1e-06",0.01,0.1,1e-06,binary_risk,170937398014,0.99887
"U(0.01,0.1), eps=1e-06",0.01,0.1,1e-06,binary_risk,206193668906,0.9987
"U(0.01,0.1), eps=1e-06",0.01,0.1,1e-06,binary_risk,248721634884,0.99975
"U(0.01,0.1), eps=1e-06",0.01,0.1,1e-06,binary_risk,300021101460,0.99987
"U(0.01,0.1), eps=1e-06",0.01,0.1,1e-06,binary_risk,361901212829,0.9999
"U(0.01,0.1), eps=1e-06",0.01,0.1,1e-06,binary_risk,436544253753,1.0
"U(0.01,0.1), eps=1e-06",0.01,0.1,1e-06,binary_risk,526582610750,0.99997
"U(0.01,0.1), eps=1e-06",0.01,0.1,1e-06,binary_risk,635191606717,1.0
"U(0.01,0.1), eps=1e-06",0.01,0.1,1e-06,binary_risk,766201482932,1.0
"U(0.01,0.1), eps=1e-06",0.01,0.1,1e-06,binary_risk,924232477633,1.0
"U(0.01,0.1), eps=1e-06",0.01,0.1,1e-06,binary_risk,1114857764883,1.0
"U(0.01,0.1), eps=1e-06",0.01,0.1,1e-06,binary_risk,1344800000000,1.0
"U(0.01,0.1), eps=1e-06",0.01,0.1,1e-06,reverse_eng_risk,896533333,0.27703
"U(0.01,0.1), eps=1e-06",0.01,0.1,1e-06,reverse_eng_risk,1081445601,0.30278
"U(0.01,0.1), eps=1e-06",0.01,0.1,1e-06,reverse_eng_risk,1304496493,0.32932
"U(0.01,0.1), eps=1e-06",0.01,0.1,1e-06,reverse_eng_risk,1573552196,0.36055
"U(0.01,0.1), eps=1e-06",0.01,0.1,1e-06,reverse_eng_risk,1898101319,0.39148
"U(0.01,0.1), eps=1e-06",0.01,0.1,1e-06,reverse_eng_risk,2289589519,0.4244
"U(0.01,0.1), eps=1e-06",0.01,0.1,1e-06,reverse_eng_risk,2761823151,0.45995
"U(0.01,0.1), eps=1e-06",0.01,0.1,1e-06,reverse_eng_risk,3331456165,0.4979
"U(0.01,0.1), eps=1e-06",0.01,0.1,1e-06,reverse_eng_risk,4018577429,0.53645
"U(0.01,0.1), eps=1e-06",0.01,0.1,1e-06,reverse_eng_risk,4847419193,0.57557
"U(0.01,0.1), eps=1e-06",0.01,0.1,1e-06,reverse_eng_risk,5847211667,0.6171
"U(0.01,0.1), eps=1e-06",0.01,0.1,1e-06,reverse_eng_risk,7053213870,0.65002
"U(0.01,0.1), eps=1e-06",0.01,0.1,1e-06,reverse_eng_risk,8507957079,0.69955
"U(0.01,0.1), eps=1e-06",0.01,0.1,1e-06,reverse_eng_risk,10262744755,0.73875
"U(0.01,0.1), eps=1e-06",0.01,0.1,1e-06,reverse_eng_risk,12379461831,0.7773
"U(0.01,0.1), eps=1e-06",0.01,0.1,1e-06,reverse_eng_risk,14932757159,0.80868
"U(0.01,0.1), eps=1e-06",0.01,0.1,1e-06,reverse_eng_risk,18012676110,0.84835
"U(0.01,0.1), eps=1e-06",0.01,0.1,1e-06,reverse_eng_risk,21727836139,0.87915
"U(0.01,0.1), eps=1e-06",0.01,0.1,1e-06,reverse_eng_risk,26209257324,0.90353
"U(0.01,0.1), eps=1e-06",0.01,0.1,1e-06,reverse_eng_risk,31614982969,0.92922
"U(0.01,0.1), eps=1e-06",0.01,0.1,1e-06,reverse_eng_risk,38135653207,0.94885
"U(0.01,0.1), eps=1e-06",0.01,0.1,1e-06,reverse_eng_risk,46001228182,0.96525
"U(0.01,0.1), eps=1e-06",0.01,0.1,1e-06,reverse_eng_risk,55489097899,0.9782
"U(0.01,0.1), eps=1e-06",0.01,0.1,1e-06,reverse_eng_risk,66933864754,0.9871
"U(0.01,0.1), eps=1e-06",0.01,0.1,1e-06,reverse_eng_risk,80739143733,0.99282
"U(0.01,0.1), eps=1e-06",0.01,0.1,1e-06,reverse_eng_risk,97391796436,0.99667
"U(0.01,0.1), eps=1e-06",0.01,0.1,1e-06,reverse_eng_risk,117479100897,0.99825
"U(0.01,0.1), eps=1e-06",0.01,0.1,1e-06,reverse_eng_risk,141709462734,0.99915
"U(0.01,0.1), eps=1e-06",0.01,0.1,1e-06,reverse_eng_risk,170937398014,0.99962
"U(0.01,0.1), eps=1e-06",0.01,0.1,1e-06,reverse_eng_risk,206193668906,0.99982
"U(0.01,0.1), eps=1e-06",0.01,0.1,1e-06,reverse_eng_risk,248721634884,0.99992
"U(0.01,0.1), eps=1e-06",0.01,0.1,1e-06,reverse_eng_risk,300021101460,0.99995
"U(0.01,0.1), eps=1e-06",0.01,0.1,1e-06,reverse_eng_risk,361901212829,0.99997
"U(0.01,0.1), eps=1e-06",0.01,0.1,1e-06,reverse_eng_risk,436544253753,1.0
"U(0.01,0.1), eps=1e-06",0.01,0.1,1e-06,reverse_eng_risk,526582610750,1.0
"U(0.01,0.1), eps=1e-06",0.01,0.1,1e-06,reverse_eng_risk,635191606717,1.0
"U(0.01,0.1), eps=1e-06",0.01,0.1,1e-06,reverse_eng_risk,766201482932,1.0
"U(0.01,0.1), eps=1e-06",0.01,0.1,1e-06,reverse_eng_risk,924232477633,1.0
"U(0.01,0.1), eps=1e-06",0.01,0.1,1e-06,reverse_eng_risk,1114857764883,1.0
"U(0.01,0.1), eps=1e-06",0.01,0.1,1e-06,reverse_eng_risk,1344800000000,1.0
"U(0.001,0.01), eps=1e-06",0.001,0.01,1e-06,brute,85656050,0.1844
"U(0.001,0.01), eps=1e-06",0.001,0.01,1e-06,brute,103322828,0.20217
"U(0.001,0.01), eps=1e-06",0.001,0.01,1e-06,brute,124633422,0.22207
"U(0.001,0.01), eps=1e-06",0.001,0.01,1e-06,brute,150339381,0.24268
"U(0.001,0.01), eps=1e-06",0.001,0.01,1e-06,brute,181347259,0.26525
"U(0.001,0.01), eps=1e-06",0.001,0.01,1e-06,brute,218750591,0.29128
"U(0.001,0.01), eps=1e-06",0.001,0.01,1e-06,brute,263868453,0.31767
"U(0.001,0.01), eps=1e-06",0.001,0.01,1e-06,brute,318291990,0.34603
"U(0.001,0.01), eps=1e-06",0.001,0.01,1e-06,brute,383940518,0.37735
"U(0.001,0.01), eps=1e-06",0.001,0.01,1e-06,brute,463129222,0.41115
"U(0.001,0.01), eps=1e-06",0.001,0.01,1e-06,brute,558650796,0.4473
"U(0.001,0.01), eps=1e-06",0.001,0.01,1e-06,brute,673873936,0.4852
"U(0.001,0.01), eps=1e-06",0.001,0.01,1e-06,brute,812862141,0.52565
"U(0.001,0.01), eps=1e-06",0.001,0.01,1e-06,brute,980517014,0.56658
"U(0.001,0.01), eps=1e-06",0.001,0.01,1e-06,brute,1182751130,0.61135
"U(0.001,0.01), eps=1e-06",0.001,0.01,1e-06,brute,1426696543,0.65848
"U(0.001,0.01), eps=1e-06",0.001,0.01,1e-06,brute,1720956316,0.70352
"U(0.001,0.01), eps=1e-06",0.001,0.01,1e-06,brute,2075907911,0.74775
"U(0.001,0.01), eps=1e-06",0.001,0.01,1e-06,brute,2504069171,0.79283
"U(0.001,0.01), eps=1e-06",0.001,0.01,1e-06,brute,3020539774,0.83373
"U(0.001,0.01), eps=1e-06",0.001,0.01,1e-06,brute,3643533745,0.87123
"U(0.001,0.01), eps=1e-06",0.001,0.01,1e-06,brute,4395021800,0.90405
"U(0.001,0.01), eps=1e-06",0.001,0.01,1e-06,brute,5301506168,0.9327
"U(0.001,0.01), eps=1e-06",0.001,0.01,1e-06,brute,6394955231,0.95425
"U(0.001,0.01), eps=1e-06",0.001,0.01,1e-06,brute,7713930929,0.97157
"U(0.001,0.01), eps=1e-06",0.001,0.01,1e-06,brute,9304948704,0.98365
"U(0.001,0.01), eps=1e-06",0.001,0.01,1e-06,brute,11224117920,0.99228
"U(0.001,0.01), eps=1e-06",0.001,0.01,1e-06,brute,13539120643,0.99672
"U(0.001,0.01), eps=1e-06",0.001,0.01,1e-06,brute,16331598536,0.9987
"U(0.001,0.01), eps=1e-06",0.001,0.01,1e-06,brute,19700032061,0.99967
"U(0.001,0.01), eps=1e-06",0.001,0.01,1e-06,brute,23763213523,0.9999
"U(0.001,0.01), eps=1e-06",0.001,0.01,1e-06,brute,28664436445,0.99997
"U(0.001,0.01), eps=1e-06",0.001,0.01,1e-06,brute,34576548996,1.0
"U(0.001,0.01), eps=1e-06",0.001,0.01,1e-06,brute,41708049721,1.0
"U(0.001,0.01), eps=1e-06",0.001,0.01,1e-06,brute,50310440517,1.0
"U(0.001,0.01), eps=1e-06",0.001,0.01,1e-06,brute,60687096183,1.0
"U(0.001,0.01), eps=1e-06",0.001,0.01,1e-06,brute,73203963337,1.0
"U(0.001,0.01), eps=1e-06",0.001,0.01,1e-06,brute,88302466015,1.0
"U(0.001,0.01), eps=1e-06",0.001,0.01,1e-06,brute,106515073078,1.0
"U(0.001,0.01), eps=1e-06",0.001,0.01,1e-06,brute,128484076433,1.0
"U(0.001,0.01), eps=1e-06",0.001,0.01,1e-06,separable,85656050,0.0147
"U(0.001,0.01), eps=1e-06",0.001,0.01,1e-06,separable,103322828,0.01655
"U(0.001,0.01), eps=1e-06",0.001,0.01,1e-06,separable,124633422,0.01845
"U(0.001,0.01), eps=1e-06",0.001,0.01,1e-06,separable,150339381,0.02028
"U(0.001,0.01), eps=1e-06",0.001,0.01,1e-06,separable,181347259,0.02252
"U(0.001,0.01), eps=1e-06",0.001,0.01,1e-06,separable,218750591,0.0251
"U(0.001,0.01), eps=1e-06",0.001,0.01,1e-06,separable,263868453,0.02662
"U(0.001,0.01), eps=1e-06",0.001,0.01,1e-06,separable,318291990,0.02948
"U(0.001,0.01), eps=1e-06",0.001,0.01,1e-06,separable,383940518,0.03245
"U(0.001,0.01), eps=1e-06",0.001,0.01,1e-06,separable,463129222,0.03478
"U(0.001,0.01), eps=1e-06",0.001,0.01,1e-06,separable,558650796,0.03823
"U(0.001,0.01), eps=1e-06",0.001,0.01,1e-06,separable,673873936,0.04238
"U(0.001,0.01), eps=1e-06",0.001,0.01,1e-06,separable,812862141,0.04668
"U(0.001,0.01), eps=1e-06",0.001,0.01,1e-06,separable,980517014,0.05097
"U(0.001,0.01), eps=1e-06",0.001,0.01,1e-06,separable,1182751130,0.05597
"U(0.001,0.01), eps=1e-06",0.001,0.01,1e-06,separable,1426696543,0.06193
"U(0.001,0.01), eps=1e-06",0.001,0.01,1e-06,separable,1720956316,0.0676
"U(0.001,0.01), eps=1e-06",0.001,0.01,1e-06,separable,2075907911,0.07427
"U(0.001,0.01), eps=1e-06",0.001,0.01,1e-06,separable,2504069171,0.08205
"U(0.001,0.01), eps=1e-06",0.001,0.01,1e-06,separable,3020539774,0.0899
"U(0.001,0.01), eps=1e-06",0.001,0.01,1e-06,separable,3643533745,0.0986
"U(0.001,0.01), eps=1e-06",0.001,0.01,1e-06,separable,4395021800,0.10862
"U(0.001,0.01), eps=1e-06",0.001,0.01,1e-06,separable,5301506168,0.1187
"U(0.001,0.01), eps=1e-06",0.001,0.01,1e-06,separable,6394955231,0.13003
"U(0.001,0.01), eps=1e-06",0.001,0.01,1e-06,separable,7713930929,0.14192
"U(0.001,0.01), eps=1e-06",0.001,0.01,1e-06,separable,9304948704,0.15502
"U(0.001,0.01), eps=1e-06",0.001,0.01,1e-06,separable,11224117920,0.16972
"U(0.001,0.01), eps=1e-06",0.001,0.01,1e-06,separable,13539120643,0.1858
"U(0.001,0.01), eps=1e-06",0.001,0.01,1e-06,separable,16331598536,0.20335
"U(0.001,0.01), eps=1e-06",0.001,0.01,1e-06,separable,19700032061,0.22305
"U(0.001,0.01), eps=1e-06",0.001,0.01,1e-06,separable,23763213523,0.2439
"U(0.001,0.01), eps=1e-06",0.001,0.01,1e-06,separable,28664436445,0.26637
"U(0.001,0.01), eps=1e-06",0.001,0.01,1e-06,separable,34576548996,0.29307
"U(0.001,0.01), eps=1e-06",0.001,0.01,1e-06,separable,41708049721,0.31867
"U(0.001,0.01), eps=1e-06",0.001,0.01,1e-06,separable,50310440517,0.34742
"U(0.001,0.01), eps=1e-06",0.001,0.01,1e-06,separable,60687096183,0.37867
"U(0.001,0.01), eps=1e-06",0.001,0.01,1e-06,separable,73203963337,0.41247
"U(0.001,0.01), eps=1e-06",0.001,0.01,1e-06,separable,88302466015,0.4487
"U(0.001,0.01), eps=1e-06",0.001,0.01,1e-06,separable,106515073078,0.4876
"U(0.001,0.01), eps=1e-06",0.001,0.01,1e-06,separable,128484076433,0.527
"U(0.001,0.01), eps=1e-06",0.001,0.01,1e-06,linear,85656050,0.22462
"U(0.001,0.01), eps=1e-06",0.001,0.01,1e-06,linear,103322828,0.25295
"U(0.001,0.01), eps=1e-06",0.001,0.01,1e-06,linear,124633422,0.27103
"U(0.001,0.01), eps=1e-06",0.001,0.01,1e-06,linear,150339381,0.30202
"U(0.001,0.01), eps=1e-06",0.001,0.01,1e-06,linear,181347259,0.31977
"U(0.001,0.01), eps=1e-06",0.001,0.01,1e-06,linear,218750591,0.3524
"U(0.001,0.01), eps=1e-06",0.001,0.01,1e-06,linear,263868453,0.38603
"U(0.001,0.01), eps=1e-06",0.001,0.01,1e-06,linear,318291990,0.42967
"U(0.001,0.01), eps=1e-06",0.001,0.01,1e-06,linear,383940518,0.46542
"U(0.001,0.01), eps=1e-06",0.001,0.01,1e-06,linear,463129222,0.4986
"U(0.001,0.01), eps=1e-06",0.001,0.01,1e-06,linear,558650796,0.54535
"U(0.001,0.01), eps=1e-06",0.001,0.01,1e-06,linear,673873936,0.58093
"U(0.001,0.01), eps=1e-06",0.001,0.01,1e-06,linear,812862141,0.62675
"U(0.001,0.01), eps=1e-06",0.001,0.01,1e-06,linear,980517014,0.66995
"U(0.001,0.01), eps=1e-06",0.001,0.01,1e-06,linear,1182751130,0.7075
"U(0.001,0.01), eps=1e-06",0.001,0.01,1e-06,linear,1426696543,0.75143
"U(0.001,0.01), eps=1e-06",0.001,0.01,1e-06,linear,1720956316,0.7932
"U(0.001,0.01), eps=1e-06",0.001,0.01,1e-06,linear,2075907911,0.83295
"U(0.001,0.01), eps=1e-06",0.001,0.01,1e-06,linear,2504069171,0.87038
"U(0.001,0.01), eps=1e-06",0.001,0.01,1e-06,linear,3020539774,0.90092
"U(0.001,0.01), eps=1e-06",0.001,0.01,1e-06,linear,3643533745,0.93105
"U(0.001,0.01), eps=1e-06",0.001,0.01,1e-06,linear,4395021800,0.95083
"U(0.001,0.01), eps=1e-06",0.001,0.01,1e-06,linear,5301506168,0.968
"U(0.001,0.01), eps=1e-06",0.001,0.01,1e-06,linear,6394955231,0.98103
"U(0.001,0.01), eps=1e-06",0.001,0.01,1e-06,linear,7713930929,0.98845
"U(0.001,0.01), eps=1e-06",0.001,0.01,1e-06,linear,9304948704,0.99198
"U(0.001,0.01), eps=1e-06",0.001,0.01,1e-06,linear,11224117920,0.9955
"U(0.001,0.01), eps=1e-06",0.001,0.01,1e-06,linear,13539120643,0.99813
"U(0.001,0.01), eps=1e-06",0.001,0.01,1e-06,linear,16331598536,0.9986
"U(0.001,0.01), eps=1e-06",0.001,0.01,1e-06,linear,19700032061,0.99905
"U(0.001,0.01), eps=1e-06",0.001,0.01,1e-06,linear,23763213523,0.99933
"U(0.001,0.01), eps=1e-06",0.001,0.01,1e-06,linear,28664436445,0.99938
"U(0.001,0.01), eps=1e-06",0.001,0.01,1e-06,linear,34576548996,0.99938
"U(0.001,0.01), eps=1e-06",0.001,0.01,1e-06,linear,41708049721,0.99938
"U(0.001,0.01), eps=1e-06",0.001,0.01,1e-06,linear,50310440517,0.99938
"U(0.001,0.01), eps=1e-06",0.001,0.01,1e-06,linear,60687096183,0.99938
"U(0.001,0.01), eps=1e-06",0.001,0.01,1e-06,linear,73203963337,0.99938
"U(0.001,0.01), eps=1e-06",0.001,0.01,1e-06,linear,88302466015,0.99938
"U(0.001,0.01), eps=1e-06",0.001,0.01,1e-06,linear,106515073078,0.99938
"U(0.001,0.01), eps=1e-06",0.001,0.01,1e-06,linear,128484076433,0.99938
"U(0.001,0.01), eps=1e-06",0.001,0.01,1e-06,binary,85656050,0.21952
"U(0.001,0.01), eps=1e-06",0.001,0.01,1e-06,binary,103322828,0.23963
"U(0.001,0.01), eps=1e-06",0.001,0.01,1e-06,binary,124633422,0.26527
"U(0.001,0.01), eps=1e-06",0.001,0.01,1e-06,binary,150339381,0.29152
"U(0.001,0.01), eps=1e-06",0.001,0.01,1e-06,binary,181347259,0.32027
"U(0.001,0.01), eps=1e-06",0.001,0.01,1e-06,binary,218750591,0.35195
"U(0.001,0.01), eps=1e-06",0.001,0.01,1e-06,binary,263868453,0.3868
"U(0.001,0.01), eps=1e-06",0.001,0.01,1e-06,binary,318291990,0.42165
"U(0.001,0.01), eps=1e-06",0.001,0.01,1e-06,binary,383940518,0.45968
"U(0.001,0.01), eps=1e-06",0.001,0.01,1e-06,binary,463129222,0.49838
"U(0.001,0.01), eps=1e-06",0.001,0.01,1e-06,binary,558650796,0.53807
"U(0.001,0.01), eps=1e-06",0.001,0.01,1e-06,binary,673873936,0.57937
"U(0.001,0.01), eps=1e-06",0.001,0.01,1e-06,binary,812862141,0.62095
"U(0.001,0.01), eps=1e-06",0.001,0.01,1e-06,binary,980517014,0.66363
"U(0.001,0.01), eps=1e-06",0.001,0.01,1e-06,binary,1182751130,0.7157
"U(0.001,0.01), eps=1e-06",0.001,0.01,1e-06,binary,1426696543,0.75365
"U(0.001,0.01), eps=1e-06",0.001,0.01,1e-06,binary,1720956316,0.79568
"U(0.001,0.01), eps=1e-06",0.001,0.01,1e-06,binary,2075907911,0.83435
"U(0.001,0.01), eps=1e-06",0.001,0.01,1e-06,binary,2504069171,0.87187
"U(0.001,0.01), eps=1e-06",0.001,0.01,1e-06,binary,3020539774,0.90285
"U(0.001,0.01), eps=1e-06",0.001,0.01,1e-06,binary,3643533745,0.92775
"U(0.001,0.01), eps=1e-06",0.001,0.01,1e-06,binary,4395021800,0.94935
"U(0.001,0.01), eps=1e-06",0.001,0.01,1e-06,binary,5301506168,0.96642
"U(0.001,0.01), eps=1e-06",0.001,0.01,1e-06,binary,6394955231,0.97442
"U(0.001,0.01), eps=1e-06",0.001,0.01,1e-06,binary,7713930929,0.98487
"U(0.001,0.01), eps=1e-06",0.001,0.01,1e-06,binary,9304948704,0.99128
"U(0.001,0.01), eps=1e-06",0.001,0.01,1e-06,binary,11224117920,0.99492
"U(0.001,0.01), eps=1e-06",0.001,0.01,1e-06,binary,13539120643,0.99865
"U(0.001,0.01), eps=1e-06",0.001,0.01,1e-06,binary,16331598536,0.99965
"U(0.001,0.01), eps=1e-06",0.001,0.01,1e-06,binary,19700032061,0.9996
"U(0.001,0.01), eps=1e-06",0.001,0.01,1e-06,binary,23763213523,0.9998
"U(0.001,0.01), eps=1e-06",0.001,0.01,1e-06,binary,28664436445,0.99987
"U(0.001,0.01), eps=1e-06",0.001,0.01,1e-06,binary,34576548996,0.99987
"U(0.001,0.01), eps=1e-06",0.001,0.01,1e-06,binary,41708049721,0.99987
"U(0.001,0.01), eps=1e-06",0.001,0.01,1e-06,binary,50310440517,0.99987
"U(0.001,0.01), eps=1e-06",0.001,0.01,1e-06,binary,60687096183,0.99987
"U(0.001,0.01), eps=1e-06",0.001,0.01,1e-06,binary,73203963337,0.99987
"U(0.001,0.01), eps=1e-06",0.001,0.01,1e-06,binary,88302466015,0.99987
"U(0.001,0.01), eps=1e-06",0.001,0.01,1e-06,binary,106515073078,0.99987
"U(0.001,0.01), eps=1e-06",0.001,0.01,1e-06,binary,128484076433,0.99987
"U(0.001,0.01), eps=1e-06",0.001,0.01,1e-06,reverse_eng,85656050,0.26508
"U(0.001,0.01), eps=1e-06",0.001,0.01,1e-06,reverse_eng,103322828,0.28818
"U(0.001,0.01), eps=1e-06",0.001,0.01,1e-06,reverse_eng,124633422,0.31893
"U(0.001,0.01), eps=1e-06",0.001,0.01,1e-06,reverse_eng,150339381,0.34597
"U(0.001,0.01), eps=1e-06",0.001,0.01,1e-06,reverse_eng,181347259,0.3785
"U(0.001,0.01), eps=1e-06",0.001,0.01,1e-06,reverse_eng,218750591,0.40927
"U(0.001,0.01), eps=1e-06",0.001,0.01,1e-06,reverse_eng,263868453,0.4447
"U(0.001,0.01), eps=1e-06",0.001,0.01,1e-06,reverse_eng,318291990,0.4812
"U(0.001,0.01), eps=1e-06",0.001,0.01,1e-06,reverse_eng,383940518,0.51943
"U(0.001,0.01), eps=1e-06",0.001,0.01,1e-06,reverse_eng,463129222,0.55912
"U(0.001,0.01), eps=1e-06",0.001,0.01,1e-06,reverse_eng,558650796,0.5986
"U(0.001,0.01), eps=1e-06",0.001,0.01,1e-06,reverse_eng,673873936,0.63945
"U(0.001,0.01), eps=1e-06",0.001,0.01,1e-06,reverse_eng,812862141,0.6866
"U(0.001,0.01), eps=1e-06",0.001,0.01,1e-06,reverse_eng,980517014,0.72218
"U(0.001,0.01), eps=1e-06",0.001,0.01,1e-06,reverse_eng,1182751130,0.7599
"U(0.001,0.01), eps=1e-06",0.001,0.01,1e-06,reverse_eng,1426696543,0.79925
"U(0.001,0.01), eps=1e-06",0.001,0.01,1e-06,reverse_eng,1720956316,0.8391
"U(0.001,0.01), eps=1e-06",0.001,0.01,1e-06,reverse_eng,2075907911,0.87113
"U(0.001,0.01), eps=1e-06",0.001,0.01,1e-06,reverse_eng,2504069171,0.90117
"U(0.001,0.01), eps=1e-06",0.001,0.01,1e-06,reverse_eng,3020539774,0.92215
"U(0.001,0.01), eps=1e-06",0.001,0.01,1e-06,reverse_eng,3643533745,0.9433
"U(0.001,0.01), eps=1e-06",0.001,0.01,1e-06,reverse_eng,4395021800,0.96135
"U(0.001,0.01), eps=1e-06",0.001,0.01,1e-06,reverse_eng,5301506168,0.97677
"U(0.001,0.01), eps=1e-06",0.001,0.01,1e-06,reverse_eng,6394955231,0.98493
"U(0.001,0.01), eps=1e-06",0.001,0.01,1e-06,reverse_eng,7713930929,0.99155
"U(0.001,0.01), eps=1e-06",0.001,0.01,1e-06,reverse_eng,9304948704,0.99465
"U(0.001,0.01), eps=1e-06",0.001,0.01,1e-06,reverse_eng,11224117920,0.99803
"U(0.001,0.01), eps=1e-06",0.001,0.01,1e-06,reverse_eng,13539120643,0.99897
"U(0.001,0.01), eps=1e-06",0.001,0.01,1e-06,reverse_eng,16331598536,0.99935
"U(0.001,0.01), eps=1e-06",0.001,0.01,1e-06,reverse_eng,19700032061,0.9995
"U(0.001,0.01), eps=1e-06",0.001,0.01,1e-06,reverse_eng,23763213523,0.99962
"U(0.001,0.01), eps=1e-06",0.001,0.01,1e-06,reverse_eng,28664436445,0.99962
"U(0.001,0.01), eps=1e-06",0.001,0.01,1e-06,reverse_eng,34576548996,0.99962
"U(0.001,0.01), eps=1e-06",0.001,0.01,1e-06,reverse_eng,41708049721,0.99965
"U(0.001,0.01), eps=1e-06",0.001,0.01,1e-06,reverse_eng,50310440517,0.99965
"U(0.001,0.01), eps=1e-06",0.001,0.01,1e-06,reverse_eng,60687096183,0.99965
"U(0.001,0.01), eps=1e-06",0.001,0.01,1e-06,reverse_eng,73203963337,0.99965
"U(0.001,0.01), eps=1e-06",0.001,0.01,1e-06,reverse_eng,88302466015,0.99965
"U(0.001,0.01), eps=1e-06",0.001,0.01,1e-06,reverse_eng,106515073078,0.99965
"U(0.001,0.01), eps=1e-06",0.001,0.01,1e-06,reverse_eng,128484076433,0.99965
"U(0.001,0.01), eps=1e-06",0.001,0.01,1e-06,binary_risk,85656050,0.25643
"U(0.001,0.01), eps=1e-06",0.001,0.01,1e-06,binary_risk,103322828,0.2864
"U(0.001,0.01), eps=1e-06",0.001,0.01,1e-06,binary_risk,124633422,0.31278
"U(0.001,0.01), eps=1e-06",0.001,0.01,1e-06,binary_risk,150339381,0.34092
"U(0.001,0.01), eps=1e-06",0.001,0.01,1e-06,binary_risk,181347259,0.36802
"U(0.001,0.01), eps=1e-06",0.001,0.01,1e-06,binary_risk,218750591,0.40032
"U(0.001,0.01), eps=1e-06",0.001,0.01,1e-06,binary_risk,263868453,0.439
"U(0.001,0.01), eps=1e-06",0.001,0.01,1e-06,binary_risk,318291990,0.47385
"U(0.001,0.01), eps=1e-06",0.001,0.01,1e-06,binary_risk,383940518,0.51443
"U(0.001,0.01), eps=1e-06",0.001,0.01,1e-06,binary_risk,463129222,0.55637
"U(0.001,0.01), eps=1e-06",0.001,0.01,1e-06,binary_risk,558650796,0.59815
"U(0.001,0.01), eps=1e-06",0.001,0.01,1e-06,binary_risk,673873936,0.64187
"U(0.001,0.01), eps=1e-06",0.001,0.01,1e-06,binary_risk,812862141,0.68322
"U(0.001,0.01), eps=1e-06",0.001,0.01,1e-06,binary_risk,980517014,0.72608
"U(0.001,0.01), eps=1e-06",0.001,0.01,1e-06,binary_risk,1182751130,0.76202
"U(0.001,0.01), eps=1e-06",0.001,0.01,1e-06,binary_risk,1426696543,0.8059
"U(0.001,0.01), eps=1e-06",0.001,0.01,1e-06,binary_risk,1720956316,0.83715
"U(0.001,0.01), eps=1e-06",0.001,0.01,1e-06,binary_risk,2075907911,0.86982
"U(0.001,0.01), eps=1e-06",0.001,0.01,1e-06,binary_risk,2504069171,0.90068
"U(0.001,0.01), eps=1e-06",0.001,0.01,1e-06,binary_risk,3020539774,0.92292
"U(0.001,0.01), eps=1e-06",0.001,0.01,1e-06,binary_risk,3643533745,0.94663
"U(0.001,0.01), eps=1e-06",0.001,0.01,1e-06,binary_risk,4395021800,0.96055
"U(0.001,0.01), eps=1e-06",0.001,0.01,1e-06,binary_risk,5301506168,0.97705
"U(0.001,0.01), eps=1e-06",0.001,0.01,1e-06,binary_risk,6394955231,0.98515
"U(0.001,0.01), eps=1e-06",0.001,0.01,1e-06,binary_risk,7713930929,0.99185
"U(0.001,0.01), eps=1e-06",0.001,0.01,1e-06,binary_risk,9304948704,0.99575
"U(0.001,0.01), eps=1e-06",0.001,0.01,1e-06,binary_risk,11224117920,0.99785
"U(0.001,0.01), eps=1e-06",0.001,0.01,1e-06,binary_risk,13539120643,0.9989
"U(0.001,0.01), eps=1e-06",0.001,0.01,1e-06,binary_risk,16331598536,0.99803
"U(0.001,0.01), eps=1e-06",0.001,0.01,1e-06,binary_risk,19700032061,0.9988
"U(0.001,0.01), eps=1e-06",0.001,0.01,1e-06,binary_risk,23763213523,0.99938
"U(0.001,0.01), eps=1e-06",0.001,0.01,1e-06,binary_risk,28664436445,0.99948
"U(0.001,0.01), eps=1e-06",0.001,0.01,1e-06,binary_risk,34576548996,0.99977
"U(0.001,0.01), eps=1e-06",0.001,0.01,1e-06,binary_risk,41708049721,0.9999
"U(0.001,0.01), eps=1e-06",0.001,0.01,1e-06,binary_risk,50310440517,0.99995
"U(0.001,0.01), eps=1e-06",0.001,0.01,1e-06,binary_risk,60687096183,1.0
"U(0.001,0.01), eps=1e-06",0.001,0.01,1e-06,binary_risk,73203963337,1.0
"U(0.001,0.01), eps=1e-06",0.001,0.01,1e-06,binary_risk,88302466015,1.0
"U(0.001,0.01), eps=1e-06",0.001,0.01,1e-06,binary_risk,106515073078,1.0
"U(0.001,0.01), eps=1e-06",0.001,0.01,1e-06,binary_risk,128484076433,1.0
"U(0.001,0.01), eps=1e-06",0.001,0.01,1e-06,reverse_eng_risk,85656050,0.2652
"U(0.001,0.01), eps=1e-06",0.001,0.01,1e-06,reverse_eng_risk,103322828,0.29055
"U(0.001,0.01), eps=1e-06",0.001,0.01,1e-06,reverse_eng_risk,124633422,0.31738
"U(0.001,0.01), eps=1e-06",0.001,0.01,1e-06,reverse_eng_risk,150339381,0.3503
"U(0.001,0.01), eps=1e-06",0.001,0.01,1e-06,reverse_eng_risk,181347259,0.3823
"U(0.001,0.01), eps=1e-06",0.001,0.01,1e-06,reverse_eng_risk,218750591,0.41515
"U(0.001,0.01), eps=1e-06",0.001,0.01,1e-06,reverse_eng_risk,263868453,0.45195
"U(0.001,0.01), eps=1e-06",0.001,0.01,1e-06,reverse_eng_risk,318291990,0.48775
"U(0.001,0.01), eps=1e-06",0.001,0.01,1e-06,reverse_eng_risk,383940518,0.5254
"U(0.001,0.01), eps=1e-06",0.001,0.01,1e-06,reverse_eng_risk,463129222,0.56532
"U(0.001,0.01), eps=1e-06",0.001,0.01,1e-06,reverse_eng_risk,558650796,0.6072
"U(0.001,0.01), eps=1e-06",0.001,0.01,1e-06,reverse_eng_risk,673873936,0.64407
"U(0.001,0.01), eps=1e-06",0.001,0.01,1e-06,reverse_eng_risk,812862141,0.68532
"U(0.001,0.01), eps=1e-06",0.001,0.01,1e-06,reverse_eng_risk,980517014,0.72915
"U(0.001,0.01), eps=1e-06",0.001,0.01,1e-06,reverse_eng_risk,1182751130,0.76985
"U(0.001,0.01), eps=1e-06",0.001,0.01,1e-06,reverse_eng_risk,1426696543,0.80778
"U(0.001,0.01), eps=1e-06",0.001,0.01,1e-06,reverse_eng_risk,1720956316,0.8414
"U(0.001,0.01), eps=1e-06",0.001,0.01,1e-06,reverse_eng_risk,2075907911,0.87308
"U(0.001,0.01), eps=1e-06",0.001,0.01,1e-06,reverse_eng_risk,2504069171,0.90223
"U(0.001,0.01), eps=1e-06",0.001,0.01,1e-06,reverse_eng_risk,3020539774,0.92775
"U(0.001,0.01), eps=1e-06",0.001,0.01,1e-06,reverse_eng_risk,3643533745,0.9483
"U(0.001,0.01), eps=1e-06",0.001,0.01,1e-06,reverse_eng_risk,4395021800,0.96552
"U(0.001,0.01), eps=1e-06",0.001,0.01,1e-06,reverse_eng_risk,5301506168,0.97833
"U(0.001,0.01), eps=1e-06",0.001,0.01,1e-06,reverse_eng_risk,6394955231,0.98705
"U(0.001,0.01), eps=1e-06",0.001,0.01,1e-06,reverse_eng_risk,7713930929,0.9927
"U(0.001,0.01), eps=1e-06",0.001,0.01,1e-06,reverse_eng_risk,9304948704,0.9951
"U(0.001,0.01), eps=1e-06",0.001,0.01,1e-06,reverse_eng_risk,11224117920,0.99818
"U(0.001,0.01), eps=1e-06",0.001,0.01,1e-06,reverse_eng_risk,13539120643,0.99918
"U(0.001,0.01), eps=1e-06",0.001,0.01,1e-06,reverse_eng_risk,16331598536,0.99965
"U(0.001,0.01), eps=1e-06",0.001,0.01,1e-06,reverse_eng_risk,19700032061,0.9998
"U(0.001,0.01), eps=1e-06",0.001,0.01,1e-06,reverse_eng_risk,23763213523,0.99992
"U(0.001,0.01), eps=1e-06",0.001,0.01,1e-06,reverse_eng_risk,28664436445,0.99995
"U(0.001,0.01), eps=1e-06",0.001,0.01,1e-06,reverse_eng_risk,34576548996,0.99997
"U(0.001,0.01), eps=1e-06",0.001,0.01,1e-06,reverse_eng_risk,41708049721,1.0
"U(0.001,0.01), eps=1e-06",0.001,0.01,1e-06,reverse_eng_risk,50310440517,1.0
"U(0.001,0.01), eps=1e-06",0.001,0.01,1e-06,reverse_eng_risk,60687096183,1.0
"U(0.001,0.01), eps=1e-06",0.001,0.01,1e-06,reverse_eng_risk,73203963337,1.0
"U(0.001,0.01), eps=1e-06",0.001,0.01,1e-06,reverse_eng_risk,88302466015,1.0
"U(0.001,0.01), eps=1e-06",0.001,0.01,1e-06,reverse_eng_risk,106515073078,1.0
"U(0.001,0.01), eps=1e-06",0.001,0.01,1e-06,reverse_eng_risk,128484076433,1.0
"U(0.01,0.1), eps=1e-07",0.01,0.1,1e-07,brute,89653333333,0.18505
"U(0.01,0.1), eps=1e-07",0.01,0.1,1e-07,brute,108144560197,0.20237
"U(0.01,0.1), eps=1e-07",0.01,0.1,1e-07,brute,130449649394,0.22177
"U(0.01,0.1), eps=1e-07",0.01,0.1,1e-07,brute,157355219680,0.24245
"U(0.01,0.1), eps=1e-07",0.01,0.1,1e-07,brute,189810131921,0.26503
"U(0.01,0.1), eps=1e-07",0.01,0.1,1e-07,brute,228958951938,0.29178
"U(0.01,0.1), eps=1e-07",0.01,0.1,1e-07,brute,276182315148,0.31755
"U(0.01,0.1), eps=1e-07",0.01,0.1,1e-07,brute,333145616517,0.34645
"U(0.01,0.1), eps=1e-07",0.01,0.1,1e-07,brute,401857742938,0.37722
"U(0.01,0.1), eps=1e-07",0.01,0.1,1e-07,brute,484741919306,0.41137
"U(0.01,0.1), eps=1e-07",0.01,0.1,1e-07,brute,584721166785,0.44743
"U(0.01,0.1), eps=1e-07",0.01,0.1,1e-07,brute,705321387051,0.48575
"U(0.01,0.1), eps=1e-07",0.01,0.1,1e-07,brute,850795707922,0.52553
"U(0.01,0.1), eps=1e-07",0.01,0.1,1e-07,brute,1026274475590,0.56707
"U(0.01,0.1), eps=1e-07",0.01,0.1,1e-07,brute,1237946183132,0.61193
"U(0.01,0.1), eps=1e-07",0.01,0.1,1e-07,brute,1493275715983,0.65875
"U(0.01,0.1), eps=1e-07",0.01,0.1,1e-07,brute,1801267611087,0.70362
"U(0.01,0.1), eps=1e-07",0.01,0.1,1e-07,brute,2172783613919,0.7477
"U(0.01,0.1), eps=1e-07",0.01,0.1,1e-07,brute,2620925732443,0.79268
"U(0.01,0.1), eps=1e-07",0.01,0.1,1e-07,brute,3161498296921,0.83403
"U(0.01,0.1), eps=1e-07",0.01,0.1,1e-07,brute,3813565320723,0.87135
"U(0.01,0.1), eps=1e-07",0.01,0.1,1e-07,brute,4600122818216,0.90443
"U(0.01,0.1), eps=1e-07",0.01,0.1,1e-07,brute,5548909789924,0.9331
"U(0.01,0.1), eps=1e-07",0.01,0.1,1e-07,brute,6693386475420,0.95462
"U(0.01,0.1), eps=1e-07",0.01,0.1,1e-07,brute,8073914373357,0.9717
"U(0.01,0.1), eps=1e-07",0.01,0.1,1e-07,brute,9739179643621,0.98377
"U(0.01,0.1), eps=1e-07",0.01,0.1,1e-07,brute,11747910089773,0.9924
"U(0.01,0.1), eps=1e-07",0.01,0.1,1e-07,brute,14170946273467,0.99672
"U(0.01,0.1), eps=1e-07",0.01,0.1,1e-07,brute,17093739801456,0.99875
"U(0.01,0.1), eps=1e-07",0.01,0.1,1e-07,brute,20619366890621,0.99972
"U(0.01,0.1), eps=1e-07",0.01,0.1,1e-07,brute,24872163488402,0.99992
"U(0.01,0.1), eps=1e-07",0.01,0.1,1e-07,brute,30002110146029,1.0
"U(0.01,0.1), eps=1e-07",0.01,0.1,1e-07,brute,36190121282944,1.0
"U(0.01,0.1), eps=1e-07",0.01,0.1,1e-07,brute,43654425375394,1.0
"U(0.01,0.1), eps=1e-07",0.01,0.1,1e-07,brute,52658261075074,1.0
"U(0.01,0.1), eps=1e-07",0.01,0.1,1e-07,brute,63519160671706,1.0
"U(0.01,0.1), eps=1e-07",0.01,0.1,1e-07,brute,76620148293272,1.0
"U(0.01,0.1), eps=1e-07",0.01,0.1,1e-07,brute,92423247763380,1.0
"U(0.01,0.1), eps=1e-07",0.01,0.1,1e-07,brute,111485776488390,1.0
"U(0.01,0.1), eps=1e-07",0.01,0.1,1e-07,brute,134480000000000,1.0
"U(0.01,0.1), eps=1e-07",0.01,0.1,1e-07,separable,89653333333,0.04852
"U(0.01,0.1), eps=1e-07",0.01,0.1,1e-07,separable,108144560197,0.0538
"U(0.01,0.1), eps=1e-07",0.01,0.1,1e-07,separable,130449649394,0.05922
"U(0.01,0.1), eps=1e-07",0.01,0.1,1e-07,separable,157355219680,0.06485
"U(0.01,0.1), eps=1e-07",0.01,0.1,1e-07,separable,189810131921,0.07132
"U(0.01,0.1), eps=1e-07",0.01,0.1,1e-07,separable,228958951938,0.07838
"U(0.01,0.1), eps=1e-07",0.01,0.1,1e-07,separable,276182315148,0.08605
"U(0.01,0.1), eps=1e-07",0.01,0.1,1e-07,separable,333145616517,0.09508
"U(0.01,0.1), eps=1e-07",0.01,0.1,1e-07,separable,401857742938,0.10375
"U(0.01,0.1), eps=1e-07",0.01,0.1,1e-07,separable,484741919306,0.11395
"U(0.01,0.1), eps=1e-07",0.01,0.1,1e-07,separable,584721166785,0.12462
"U(0.01,0.1), eps=1e-07",0.01,0.1,1e-07,separable,705321387051,0.13653
"U(0.01,0.1), eps=1e-07",0.01,0.1,1e-07,separable,850795707922,0.1483
"U(0.01,0.1), eps=1e-07",0.01,0.1,1e-07,separable,1026274475590,0.16275
"U(0.01,0.1), eps=1e-07",0.01,0.1,1e-07,separable,1237946183132,0.17818
"U(0.01,0.1), eps=1e-07",0.01,0.1,1e-07,separable,1493275715983,0.1952
"U(0.01,0.1), eps=1e-07",0.01,0.1,1e-07,separable,1801267611087,0.21315
"U(0.01,0.1), eps=1e-07",0.01,0.1,1e-07,separable,2172783613919,0.23333
"U(0.01,0.1), eps=1e-07",0.01,0.1,1e-07,separable,2620925732443,0.25417
"U(0.01,0.1), eps=1e-07",0.01,0.1,1e-07,separable,3161498296921,0.27973
"U(0.01,0.1), eps=1e-07",0.01,0.1,1e-07,separable,3813565320723,0.30602
"U(0.01,0.1), eps=1e-07",0.01,0.1,1e-07,separable,4600122818216,0.33393
"U(0.01,0.1), eps=1e-07",0.01,0.1,1e-07,separable,5548909789924,0.36355
"U(0.01,0.1), eps=1e-07",0.01,0.1,1e-07,separable,6693386475420,0.39653
"U(0.01,0.1), eps=1e-07",0.01,0.1,1e-07,separable,8073914373357,0.43055
"U(0.01,0.1), eps=1e-07",0.01,0.1,1e-07,separable,9739179643621,0.46803
"U(0.01,0.1), eps=1e-07",0.01,0.1,1e-07,separable,11747910089773,0.50813
"U(0.01,0.1), eps=1e-07",0.01,0.1,1e-07,separable,14170946273467,0.54802
"U(0.01,0.1), eps=1e-07",0.01,0.1,1e-07,separable,17093739801456,0.59232
"U(0.01,0.1), eps=1e-07",0.01,0.1,1e-07,separable,20619366890621,0.63815
"U(0.01,0.1), eps=1e-07",0.01,0.1,1e-07,separable,24872163488402,0.6831
"U(0.01,0.1), eps=1e-07",0.01,0.1,1e-07,separable,30002110146029,0.72823
"U(0.01,0.1), eps=1e-07",0.01,0.1,1e-07,separable,36190121282944,0.77335
"U(0.01,0.1), eps=1e-07",0.01,0.1,1e-07,separable,43654425375394,0.8172
"U(0.01,0.1), eps=1e-07",0.01,0.1,1e-07,separable,52658261075074,0.85525
"U(0.01,0.1), eps=1e-07",0.01,0.1,1e-07,separable,63519160671706,0.89115
"U(0.01,0.1), eps=1e-07",0.01,0.1,1e-07,separable,76620148293272,0.92087
"U(0.01,0.1), eps=1e-07",0.01,0.1,1e-07,separable,92423247763380,0.94595
"U(0.01,0.1), eps=1e-07",0.01,0.1,1e-07,separable,111485776488390,0.96485
"U(0.01,0.1), eps=1e-07",0.01,0.1,1e-07,separable,134480000000000,0.9794
"U(0.01,0.1), eps=1e-07",0.01,0.1,1e-07,linear,89653333333,0.24372
"U(0.01,0.1), eps=1e-07",0.01,0.1,1e-07,linear,108144560197,0.2677
"U(0.01,0.1), eps=1e-07",0.01,0.1,1e-07,linear,130449649394,0.2915
"U(0.01,0.1), eps=1e-07",0.01,0.1,1e-07,linear,157355219680,0.32453
"U(0.01,0.1), eps=1e-07",0.01,0.1,1e-07,linear,189810131921,0.35223
"U(0.01,0.1), eps=1e-07",0.01,0.1,1e-07,linear,228958951938,0.38317
"U(0.01,0.1), eps=1e-07",0.01,0.1,1e-07,linear,276182315148,0.41555
"U(0.01,0.1), eps=1e-07",0.01,0.1,1e-07,linear,333145616517,0.45035
"U(0.01,0.1), eps=1e-07",0.01,0.1,1e-07,linear,401857742938,0.4884
"U(0.01,0.1), eps=1e-07",0.01,0.1,1e-07,linear,484741919306,0.5265
"U(0.01,0.1), eps=1e-07",0.01,0.1,1e-07,linear,584721166785,0.56512
"U(0.01,0.1), eps=1e-07",0.01,0.1,1e-07,linear,705321387051,0.61428
"U(0.01,0.1), eps=1e-07",0.01,0.1,1e-07,linear,850795707922,0.65507
"U(0.01,0.1), eps=1e-07",0.01,0.1,1e-07,linear,1026274475590,0.6945
"U(0.01,0.1), eps=1e-07",0.01,0.1,1e-07,linear,1237946183132,0.73357
"U(0.01,0.1), eps=1e-07",0.01,0.1,1e-07,linear,1493275715983,0.7746
"U(0.01,0.1), eps=1e-07",0.01,0.1,1e-07,linear,1801267611087,0.81435
"U(0.01,0.1), eps=1e-07",0.01,0.1,1e-07,linear,2172783613919,0.851
"U(0.01,0.1), eps=1e-07",0.01,0.1,1e-07,linear,2620925732443,0.8825
"U(0.01,0.1), eps=1e-07",0.01,0.1,1e-07,linear,3161498296921,0.9106
"U(0.01,0.1), eps=1e-07",0.01,0.1,1e-07,linear,3813565320723,0.9337
"U(0.01,0.1), eps=1e-07",0.01,0.1,1e-07,linear,4600122818216,0.95242
"U(0.01,0.1), eps=1e-07",0.01,0.1,1e-07,linear,5548909789924,0.96352
"U(0.01,0.1), eps=1e-07",0.01,0.1,1e-07,linear,6693386475420,0.98105
"U(0.01,0.1), eps=1e-07",0.01,0.1,1e-07,linear,8073914373357,0.98415
"U(0.01,0.1), eps=1e-07",0.01,0.1,1e-07,linear,9739179643621,0.98995
"U(0.01,0.1), eps=1e-07",0.01,0.1,1e-07,linear,11747910089773,0.99615
"U(0.01,0.1), eps=1e-07",0.01,0.1,1e-07,linear,14170946273467,0.99805
"U(0.01,0.1), eps=1e-07",0.01,0.1,1e-07,linear,17093739801456,0.99872
"U(0.01,0.1), eps=1e-07",0.01,0.1,1e-07,linear,20619366890621,0.99865
"U(0.01,0.1), eps=1e-07",0.01,0.1,1e-07,linear,24872163488402,0.99965
"U(0.01,0.1), eps=1e-07",0.01,0.1,1e-07,linear,30002110146029,0.99992
"U(0.01,0.1), eps=1e-07",0.01,0.1,1e-07,linear,36190121282944,0.99995
"U(0.01,0.1), eps=1e-07",0.01,0.1,1e-07,linear,43654425375394,0.99995
"U(0.01,0.1), eps=1e-07",0.01,0.1,1e-07,linear,52658261075074,0.99995
"U(0.01,0.1), eps=1e-07",0.01,0.1,1e-07,linear,63519160671706,0.99995
"U(0.01,0.1), eps=1e-07",0.01,0.1,1e-07,linear,76620148293272,0.99995
"U(0.01,0.1), eps=1e-07",0.01,0.1,1e-07,linear,92423247763380,0.99995
"U(0.01,0.1), eps=1e-07",0.01,0.1,1e-07,linear,111485776488390,0.99995
"U(0.01,0.1), eps=1e-07",0.01,0.1,1e-07,linear,134480000000000,0.99995
"U(0.01,0.1), eps=1e-07",0.01,0.1,1e-07,binary,89653333333,0.26362
"U(0.01,0.1), eps=1e-07",0.01,0.1,1e-07,binary,108144560197,0.28625
"U(0.01,0.1), eps=1e-07",0.01,0.1,1e-07,binary,130449649394,0.3122
"U(0.01,0.1), eps=1e-07",0.01,0.1,1e-07,binary,157355219680,0.3407
"U(0.01,0.1), eps=1e-07",0.01,0.1,1e-07,binary,189810131921,0.37217
"U(0.01,0.1), eps=1e-07",0.01,0.1,1e-07,binary,228958951938,0.40618
"U(0.01,0.1), eps=1e-07",0.01,0.1,1e-07,binary,276182315148,0.4417
"U(0.01,0.1), eps=1e-07",0.01,0.1,1e-07,binary,333145616517,0.47695
"U(0.01,0.1), eps=1e-07",0.01,0.1,1e-07,binary,401857742938,0.51655
"U(0.01,0.1), eps=1e-07",0.01,0.1,1e-07,binary,484741919306,0.55617
"U(0.01,0.1), eps=1e-07",0.01,0.1,1e-07,binary,584721166785,0.595
"U(0.01,0.1), eps=1e-07",0.01,0.1,1e-07,binary,705321387051,0.63733
"U(0.01,0.1), eps=1e-07",0.01,0.1,1e-07,binary,850795707922,0.6772
"U(0.01,0.1), eps=1e-07",0.01,0.1,1e-07,binary,1026274475590,0.71547
"U(0.01,0.1), eps=1e-07",0.01,0.1,1e-07,binary,1237946183132,0.75375
"U(0.01,0.1), eps=1e-07",0.01,0.1,1e-07,binary,1493275715983,0.79145
"U(0.01,0.1), eps=1e-07",0.01,0.1,1e-07,binary,1801267611087,0.82783
"U(0.01,0.1), eps=1e-07",0.01,0.1,1e-07,binary,2172783613919,0.86157
"U(0.01,0.1), eps=1e-07",0.01,0.1,1e-07,binary,2620925732443,0.88645
"U(0.01,0.1), eps=1e-07",0.01,0.1,1e-07,binary,3161498296921,0.91105
"U(0.01,0.1), eps=1e-07",0.01,0.1,1e-07,binary,3813565320723,0.9391
"U(0.01,0.1), eps=1e-07",0.01,0.1,1e-07,binary,4600122818216,0.95857
"U(0.01,0.1), eps=1e-07",0.01,0.1,1e-07,binary,5548909789924,0.97232
"U(0.01,0.1), eps=1e-07",0.01,0.1,1e-07,binary,6693386475420,0.98262
"U(0.01,0.1), eps=1e-07",0.01,0.1,1e-07,binary,8073914373357,0.98975
"U(0.01,0.1), eps=1e-07",0.01,0.1,1e-07,binary,9739179643621,0.9941
"U(0.01,0.1), eps=1e-07",0.01,0.1,1e-07,binary,11747910089773,0.99613
"U(0.01,0.1), eps=1e-07",0.01,0.1,1e-07,binary,14170946273467,0.99803
"U(0.01,0.1), eps=1e-07",0.01,0.1,1e-07,binary,17093739801456,0.99908
"U(0.01,0.1), eps=1e-07",0.01,0.1,1e-07,binary,20619366890621,0.99955
"U(0.01,0.1), eps=1e-07",0.01,0.1,1e-07,binary,24872163488402,0.99955
"U(0.01,0.1), eps=1e-07",0.01,0.1,1e-07,binary,30002110146029,0.9994
"U(0.01,0.1), eps=1e-07",0.01,0.1,1e-07,binary,36190121282944,0.99833
"U(0.01,0.1), eps=1e-07",0.01,0.1,1e-07,binary,43654425375394,0.99833
"U(0.01,0.1), eps=1e-07",0.01,0.1,1e-07,binary,52658261075074,0.99833
"U(0.01,0.1), eps=1e-07",0.01,0.1,1e-07,binary,63519160671706,0.99833
"U(0.01,0.1), eps=1e-07",0.01,0.1,1e-07,binary,76620148293272,0.99833
"U(0.01,0.1), eps=1e-07",0.01,0.1,1e-07,binary,92423247763380,0.99833
"U(0.01,0.1), eps=1e-07",0.01,0.1,1e-07,binary,111485776488390,0.99833
"U(0.01,0.1), eps=1e-07",0.01,0.1,1e-07,binary,134480000000000,0.99833
"U(0.01,0.1), eps=1e-07",0.01,0.1,1e-07,reverse_eng,89653333333,0.27455
"U(0.01,0.1), eps=1e-07",0.01,0.1,1e-07,reverse_eng,108144560197,0.29947
"U(0.01,0.1), eps=1e-07",0.01,0.1,1e-07,reverse_eng,130449649394,0.32627
"U(0.01,0.1), eps=1e-07",0.01,0.1,1e-07,reverse_eng,157355219680,0.35535
"U(0.01,0.1), eps=1e-07",0.01,0.1,1e-07,reverse_eng,189810131921,0.386
"U(0.01,0.1), eps=1e-07",0.01,0.1,1e-07,reverse_eng,228958951938,0.41825
"U(0.01,0.1), eps=1e-07",0.01,0.1,1e-07,reverse_eng,276182315148,0.45305
"U(0.01,0.1), eps=1e-07",0.01,0.1,1e-07,reverse_eng,333145616517,0.49083
"U(0.01,0.1), eps=1e-07",0.01,0.1,1e-07,reverse_eng,401857742938,0.52935
"U(0.01,0.1), eps=1e-07",0.01,0.1,1e-07,reverse_eng,484741919306,0.56755
"U(0.01,0.1), eps=1e-07",0.01,0.1,1e-07,reverse_eng,584721166785,0.60795
"U(0.01,0.1), eps=1e-07",0.01,0.1,1e-07,reverse_eng,705321387051,0.64965
"U(0.01,0.1), eps=1e-07",0.01,0.1,1e-07,reverse_eng,850795707922,0.69225
"U(0.01,0.1), eps=1e-07",0.01,0.1,1e-07,reverse_eng,1026274475590,0.73072
"U(0.01,0.1), eps=1e-07",0.01,0.1,1e-07,reverse_eng,1237946183132,0.76987
"U(0.01,0.1), eps=1e-07",0.01,0.1,1e-07,reverse_eng,1493275715983,0.8072
"U(0.01,0.1), eps=1e-07",0.01,0.1,1e-07,reverse_eng,1801267611087,0.84147
"U(0.01,0.1), eps=1e-07",0.01,0.1,1e-07,reverse_eng,2172783613919,0.87248
"U(0.01,0.1), eps=1e-07",0.01,0.1,1e-07,reverse_eng,2620925732443,0.901
"U(0.01,0.1), eps=1e-07",0.01,0.1,1e-07,reverse_eng,3161498296921,0.92617
"U(0.01,0.1), eps=1e-07",0.01,0.1,1e-07,reverse_eng,3813565320723,0.94635
"U(0.01,0.1), eps=1e-07",0.01,0.1,1e-07,reverse_eng,4600122818216,0.96118
"U(0.01,0.1), eps=1e-07",0.01,0.1,1e-07,reverse_eng,5548909789924,0.97593
"U(0.01,0.1), eps=1e-07",0.01,0.1,1e-07,reverse_eng,6693386475420,0.98525
"U(0.01,0.1), eps=1e-07",0.01,0.1,1e-07,reverse_eng,8073914373357,0.9917
"U(0.01,0.1), eps=1e-07",0.01,0.1,1e-07,reverse_eng,9739179643621,0.99585
"U(0.01,0.1), eps=1e-07",0.01,0.1,1e-07,reverse_eng,11747910089773,0.99733
"U(0.01,0.1), eps=1e-07",0.01,0.1,1e-07,reverse_eng,14170946273467,0.99835
"U(0.01,0.1), eps=1e-07",0.01,0.1,1e-07,reverse_eng,17093739801456,0.99908
"U(0.01,0.1), eps=1e-07",0.01,0.1,1e-07,reverse_eng,20619366890621,0.99955
"U(0.01,0.1), eps=1e-07",0.01,0.1,1e-07,reverse_eng,24872163488402,0.99977
"U(0.01,0.1), eps=1e-07",0.01,0.1,1e-07,reverse_eng,30002110146029,0.99985
"U(0.01,0.1), eps=1e-07",0.01,0.1,1e-07,reverse_eng,36190121282944,0.99985
"U(0.01,0.1), eps=1e-07",0.01,0.1,1e-07,reverse_eng,43654425375394,0.99985
"U(0.01,0.1), eps=1e-07",0.01,0.1,1e-07,reverse_eng,52658261075074,0.99985
"U(0.01,0.1), eps=1e-07",0.01,0.1,1e-07,reverse_eng,63519160671706,0.99985
"U(0.01,0.1), eps=1e-07",0.01,0.1,1e-07,reverse_eng,76620148293272,0.99985
"U(0.01,0.1), eps=1e-07",0.01,0.1,1e-07,reverse_eng,92423247763380,0.99985
"U(0.01,0.1), eps=1e-07",0.01,0.1,1e-07,reverse_eng,111485776488390,0.99985
"U(0.01,0.1), eps=1e-07",0.01,0.1,1e-07,reverse_eng,134480000000000,0.99985
"U(0.01,0.1), eps=1e-07",0.01,0.1,1e-07,binary_risk,89653333333,0.2746
"U(0.01,0.1), eps=1e-07",0.01,0.1,1e-07,binary_risk,108144560197,0.29952
"U(0.01,0.1), eps=1e-07",0.01,0.1,1e-07,binary_risk,130449649394,0.32665
"U(0.01,0.1), eps=1e-07",0.01,0.1,1e-07,binary_risk,157355219680,0.35615
"U(0.01,0.1), eps=1e-07",0.01,0.1,1e-07,binary_risk,189810131921,0.39003
"U(0.01,0.1), eps=1e-07",0.01,0.1,1e-07,binary_risk,228958951938,0.42318
"U(0.01,0.1), eps=1e-07",0.01,0.1,1e-07,binary_risk,276182315148,0.4604
"U(0.01,0.1), eps=1e-07",0.01,0.1,1e-07,binary_risk,333145616517,0.496
"U(0.01,0.1), eps=1e-07",0.01,0.1,1e-07,binary_risk,401857742938,0.5378
"U(0.01,0.1), eps=1e-07",0.01,0.1,1e-07,binary_risk,484741919306,0.57637
"U(0.01,0.1), eps=1e-07",0.01,0.1,1e-07,binary_risk,584721166785,0.61703
"U(0.01,0.1), eps=1e-07",0.01,0.1,1e-07,binary_risk,705321387051,0.65992
"U(0.01,0.1), eps=1e-07",0.01,0.1,1e-07,binary_risk,850795707922,0.69865
"U(0.01,0.1), eps=1e-07",0.01,0.1,1e-07,binary_risk,1026274475590,0.73823
"U(0.01,0.1), eps=1e-07",0.01,0.1,1e-07,binary_risk,1237946183132,0.77487
"U(0.01,0.1), eps=1e-07",0.01,0.1,1e-07,binary_risk,1493275715983,0.81283
"U(0.01,0.1), eps=1e-07",0.01,0.1,1e-07,binary_risk,1801267611087,0.8475
"U(0.01,0.1), eps=1e-07",0.01,0.1,1e-07,binary_risk,2172783613919,0.87865
"U(0.01,0.1), eps=1e-07",0.01,0.1,1e-07,binary_risk,2620925732443,0.9078
"U(0.01,0.1), eps=1e-07",0.01,0.1,1e-07,binary_risk,3161498296921,0.93112
"U(0.01,0.1), eps=1e-07",0.01,0.1,1e-07,binary_risk,3813565320723,0.95055
"U(0.01,0.1), eps=1e-07",0.01,0.1,1e-07,binary_risk,4600122818216,0.96705
"U(0.01,0.1), eps=1e-07",0.01,0.1,1e-07,binary_risk,5548909789924,0.97888
"U(0.01,0.1), eps=1e-07",0.01,0.1,1e-07,binary_risk,6693386475420,0.98655
"U(0.01,0.1), eps=1e-07",0.01,0.1,1e-07,binary_risk,8073914373357,0.9929
"U(0.01,0.1), eps=1e-07",0.01,0.1,1e-07,binary_risk,9739179643621,0.99618
"U(0.01,0.1), eps=1e-07",0.01,0.1,1e-07,binary_risk,11747910089773,0.99825
"U(0.01,0.1), eps=1e-07",0.01,0.1,1e-07,binary_risk,14170946273467,0.9992
"U(0.01,0.1), eps=1e-07",0.01,0.1,1e-07,binary_risk,17093739801456,0.99887
"U(0.01,0.1), eps=1e-07",0.01,0.1,1e-07,binary_risk,20619366890621,0.9987
"U(0.01,0.1), eps=1e-07",0.01,0.1,1e-07,binary_risk,24872163488402,0.99975
"U(0.01,0.1), eps=1e-07",0.01,0.1,1e-07,binary_risk,30002110146029,0.99987
"U(0.01,0.1), eps=1e-07",0.01,0.1,1e-07,binary_risk,36190121282944,0.9999
"U(0.01,0.1), eps=1e-07",0.01,0.1,1e-07,binary_risk,43654425375394,1.0
"U(0.01,0.1), eps=1e-07",0.01,0.1,1e-07,binary_risk,52658261075074,0.99997
"U(0.01,0.1), eps=1e-07",0.01,0.1,1e-07,binary_risk,63519160671706,1.0
"U(0.01,0.1), eps=1e-07",0.01,0.1,1e-07,binary_risk,76620148293272,1.0
"U(0.01,0.1), eps=1e-07",0.01,0.1,1e-07,binary_risk,92423247763380,1.0
"U(0.01,0.1), eps=1e-07",0.01,0.1,1e-07,binary_risk,111485776488390,1.0
"U(0.01,0.1), eps=1e-07",0.01,0.1,1e-07,binary_risk,134480000000000,1.0
"U(0.01,0.1), eps=1e-07",0.01,0.1,1e-07,reverse_eng_risk,89653333333,0.27915
"U(0.01,0.1), eps=1e-07",0.01,0.1,1e-07,reverse_eng_risk,108144560197,0.30457
"U(0.01,0.1), eps=1e-07",0.01,0.1,1e-07,reverse_eng_risk,130449649394,0.33127
"U(0.01,0.1), eps=1e-07",0.01,0.1,1e-07,reverse_eng_risk,157355219680,0.3609
"U(0.01,0.1), eps=1e-07",0.01,0.1,1e-07,reverse_eng_risk,189810131921,0.3919
"U(0.01,0.1), eps=1e-07",0.01,0.1,1e-07,reverse_eng_risk,228958951938,0.42468
"U(0.01,0.1), eps=1e-07",0.01,0.1,1e-07,reverse_eng_risk,276182315148,0.4604
"U(0.01,0.1), eps=1e-07",0.01,0.1,1e-07,reverse_eng_risk,333145616517,0.49788
"U(0.01,0.1), eps=1e-07",0.01,0.1,1e-07,reverse_eng_risk,401857742938,0.52902
"U(0.01,0.1), eps=1e-07",0.01,0.1,1e-07,reverse_eng_risk,484741919306,0.57495
"U(0.01,0.1), eps=1e-07",0.01,0.1,1e-07,reverse_eng_risk,584721166785,0.61613
"U(0.01,0.1), eps=1e-07",0.01,0.1,1e-07,reverse_eng_risk,705321387051,0.65
"U(0.01,0.1), eps=1e-07",0.01,0.1,1e-07,reverse_eng_risk,850795707922,0.69947
"U(0.01,0.1), eps=1e-07",0.01,0.1,1e-07,reverse_eng_risk,1026274475590,0.73347
"U(0.01,0.1), eps=1e-07",0.01,0.1,1e-07,reverse_eng_risk,1237946183132,0.77707
"U(0.01,0.1), eps=1e-07",0.01,0.1,1e-07,reverse_eng_risk,1493275715983,0.80842
"U(0.01,0.1), eps=1e-07",0.01,0.1,1e-07,reverse_eng_risk,1801267611087,0.84672
"U(0.01,0.1), eps=1e-07",0.01,0.1,1e-07,reverse_eng_risk,2172783613919,0.8791
"U(0.01,0.1), eps=1e-07",0.01,0.1,1e-07,reverse_eng_risk,2620925732443,0.90343
"U(0.01,0.1), eps=1e-07",0.01,0.1,1e-07,reverse_eng_risk,3161498296921,0.92907
"U(0.01,0.1), eps=1e-07",0.01,0.1,1e-07,reverse_eng_risk,3813565320723,0.94873
"U(0.01,0.1), eps=1e-07",0.01,0.1,1e-07,reverse_eng_risk,4600122818216,0.96503
"U(0.01,0.1), eps=1e-07",0.01,0.1,1e-07,reverse_eng_risk,5548909789924,0.97808
"U(0.01,0.1), eps=1e-07",0.01,0.1,1e-07,reverse_eng_risk,6693386475420,0.98703
"U(0.01,0.1), eps=1e-07",0.01,0.1,1e-07,reverse_eng_risk,8073914373357,0.99277
"U(0.01,0.1), eps=1e-07",0.01,0.1,1e-07,reverse_eng_risk,9739179643621,0.99667
"U(0.01,0.1), eps=1e-07",0.01,0.1,1e-07,reverse_eng_risk,11747910089773,0.99825
"U(0.01,0.1), eps=1e-07",0.01,0.1,1e-07,reverse_eng_risk,14170946273467,0.99915
"U(0.01,0.1), eps=1e-07",0.01,0.1,1e-07,reverse_eng_risk,17093739801456,0.99962
"U(0.01,0.1), eps=1e-07",0.01,0.1,1e-07,reverse_eng_risk,20619366890621,0.99982
"U(0.01,0.1), eps=1e-07",0.01,0.1,1e-07,reverse_eng_risk,24872163488402,0.99992
"U(0.01,0.1), eps=1e-07",0.01,0.1,1e-07,reverse_eng_risk,30002110146029,0.99995
"U(0.01,0.1), eps=1e-07",0.01,0.1,1e-07,reverse_eng_risk,36190121282944,0.99997
"U(0.01,0.1), eps=1e-07",0.01,0.1,1e-07,reverse_eng_risk,43654425375394,1.0
"U(0.01,0.1), eps=1e-07",0.01,0.1,1e-07,reverse_eng_risk,52658261075074,1.0
"U(0.01,0.1), eps=1e-07",0.01,0.1,1e-07,reverse_eng_risk,63519160671706,1.0
"U(0.01,0.1), eps=1e-07",0.01,0.1,1e-07,reverse_eng_risk,76620148293272,1.0
"U(0.01,0.1), eps=1e-07",0.01,0.1,1e-07,reverse_eng_risk,92423247763380,1.0
"U(0.01,0.1), eps=1e-07",0.01,0.1,1e-07,reverse_eng_risk,111485776488390,1.0
"U(0.01,0.1), eps=1e-07",0.01,0.1,1e-07,reverse_eng_risk,134480000000000,1.0
"U(0.001,0.01), eps=1e-07",0.001,0.01,1e-07,brute,8565605095,0.185
"U(0.001,0.01), eps=1e-07",0.001,0.01,1e-07,brute,10332282821,0.20225
"U(0.001,0.01), eps=1e-07",0.001,0.01,1e-07,brute,12463342298,0.22177
"U(0.001,0.01), eps=1e-07",0.001,0.01,1e-07,brute,15033938186,0.2425
"U(0.001,0.01), eps=1e-07",0.001,0.01,1e-07,brute,18134725979,0.26505
"U(0.001,0.01), eps=1e-07",0.001,0.01,1e-07,brute,21875059102,0.2917
"U(0.001,0.01), eps=1e-07",0.001,0.01,1e-07,brute,26386845396,0.31745
"U(0.001,0.01), eps=1e-07",0.001,0.01,1e-07,brute,31829199030,0.3463
"U(0.001,0.01), eps=1e-07",0.001,0.01,1e-07,brute,38394051873,0.37715
"U(0.001,0.01), eps=1e-07",0.001,0.01,1e-07,brute,46312922226,0.4112
"U(0.001,0.01), eps=1e-07",0.001,0.01,1e-07,brute,55865079629,0.44738
"U(0.001,0.01), eps=1e-07",0.001,0.01,1e-07,brute,67387393667,0.48565
"U(0.001,0.01), eps=1e-07",0.001,0.01,1e-07,brute,81286214132,0.52543
"U(0.001,0.01), eps=1e-07",0.001,0.01,1e-07,brute,98051701489,0.56695
"U(0.001,0.01), eps=1e-07",0.001,0.01,1e-07,brute,118275113038,0.61177
"U(0.001,0.01), eps=1e-07",0.001,0.01,1e-07,brute,142669654393,0.65853
"U(0.001,0.01), eps=1e-07",0.001,0.01,1e-07,brute,172095631632,0.70337
"U(0.001,0.01), eps=1e-07",0.001,0.01,1e-07,brute,207590791138,0.74767
"U(0.001,0.01), eps=1e-07",0.001,0.01,1e-07,brute,250406917112,0.79265
"U(0.001,0.01), eps=1e-07",0.001,0.01,1e-07,brute,302053977412,0.83405
"U(0.001,0.01), eps=1e-07",0.001,0.01,1e-07,brute,364353374591,0.87143
"U(0.001,0.01), eps=1e-07",0.001,0.01,1e-07,brute,439502180084,0.9045
"U(0.001,0.01), eps=1e-07",0.001,0.01,1e-07,brute,530150616871,0.93315
"U(0.001,0.01), eps=1e-07",0.001,0.01,1e-07,brute,639495523129,0.95465
"U(0.001,0.01), eps=1e-07",0.001,0.01,1e-07,brute,771393092995,0.9717
"U(0.001,0.01), eps=1e-07",0.001,0.01,1e-07,brute,930494870409,0.9838
"U(0.001,0.01), eps=1e-07",0.001,0.01,1e-07,brute,1122411792016,0.9924
"U(0.001,0.01), eps=1e-07",0.001,0.01,1e-07,brute,1353912064344,0.99672
"U(0.001,0.01), eps=1e-07",0.001,0.01,1e-07,brute,1633159853642,0.99875
"U(0.001,0.01), eps=1e-07",0.001,0.01,1e-07,brute,1970003206110,0.99972
"U(0.001,0.01), eps=1e-07",0.001,0.01,1e-07,brute,2376321352395,0.99992
"U(0.001,0.01), eps=1e-07",0.001,0.01,1e-07,brute,2866443644525,1.0
"U(0.001,0.01), eps=1e-07",0.001,0.01,1e-07,brute,3457654899644,1.0
"U(0.001,0.01), eps=1e-07",0.001,0.01,1e-07,brute,4170804972171,1.0
"U(0.001,0.01), eps=1e-07",0.001,0.01,1e-07,brute,5031044051758,1.0
"U(0.001,0.01), eps=1e-07",0.001,0.01,1e-07,brute,6068709618315,1.0
"U(0.001,0.01), eps=1e-07",0.001,0.01,1e-07,brute,7320396333752,1.0
"U(0.001,0.01), eps=1e-07",0.001,0.01,1e-07,brute,8830246601596,1.0
"U(0.001,0.01), eps=1e-07",0.001,0.01,1e-07,brute,10651507307808,1.0
"U(0.001,0.01), eps=1e-07",0.001,0.01,1e-07,brute,12848407643312,1.0
"U(0.001,0.01), eps=1e-07",0.001,0.01,1e-07,separable,8565605095,0.0152
"U(0.001,0.01), eps=1e-07",0.001,0.01,1e-07,separable,10332282821,0.01663
"U(0.001,0.01), eps=1e-07",0.001,0.01,1e-07,separable,12463342298,0.0183
"U(0.001,0.01), eps=1e-07",0.001,0.01,1e-07,separable,15033938186,0.01978
"U(0.001,0.01), eps=1e-07",0.001,0.01,1e-07,separable,18134725979,0.02155
"U(0.001,0.01), eps=1e-07",0.001,0.01,1e-07,separable,21875059102,0.02372
"U(0.001,0.01), eps=1e-07",0.001,0.01,1e-07,separable,26386845396,0.02647
"U(0.001,0.01), eps=1e-07",0.001,0.01,1e-07,separable,31829199030,0.02935
"U(0.001,0.01), eps=1e-07",0.001,0.01,1e-07,separable,38394051873,0.03188
"U(0.001,0.01), eps=1e-07",0.001,0.01,1e-07,separable,46312922226,0.03465
"U(0.001,0.01), eps=1e-07",0.001,0.01,1e-07,separable,55865079629,0.0381
"U(0.001,0.01), eps=1e-07",0.001,0.01,1e-07,separable,67387393667,0.04195
"U(0.001,0.01), eps=1e-07",0.001,0.01,1e-07,separable,81286214132,0.04635
"U(0.001,0.01), eps=1e-07",0.001,0.01,1e-07,separable,98051701489,0.05095
"U(0.001,0.01), eps=1e-07",0.001,0.01,1e-07,separable,118275113038,0.0564
"U(0.001,0.01), eps=1e-07",0.001,0.01,1e-07,separable,142669654393,0.06195
"U(0.001,0.01), eps=1e-07",0.001,0.01,1e-07,separable,172095631632,0.06765
"U(0.001,0.01), eps=1e-07",0.001,0.01,1e-07,separable,207590791138,0.0744
"U(0.001,0.01), eps=1e-07",0.001,0.01,1e-07,separable,250406917112,0.08195
"U(0.001,0.01), eps=1e-07",0.001,0.01,1e-07,separable,302053977412,0.09015
"U(0.001,0.01), eps=1e-07",0.001,0.01,1e-07,separable,364353374591,0.09922
"U(0.001,0.01), eps=1e-07",0.001,0.01,1e-07,separable,439502180084,0.1086
"U(0.001,0.01), eps=1e-07",0.001,0.01,1e-07,separable,530150616871,0.11897
"U(0.001,0.01), eps=1e-07",0.001,0.01,1e-07,separable,639495523129,0.13025
"U(0.001,0.01), eps=1e-07",0.001,0.01,1e-07,separable,771393092995,0.14228
"U(0.001,0.01), eps=1e-07",0.001,0.01,1e-07,separable,930494870409,0.155
"U(0.001,0.01), eps=1e-07",0.001,0.01,1e-07,separable,1122411792016,0.16962
"U(0.001,0.01), eps=1e-07",0.001,0.01,1e-07,separable,1353912064344,0.18555
"U(0.001,0.01), eps=1e-07",0.001,0.01,1e-07,separable,1633159853642,0.20317
"U(0.001,0.01), eps=1e-07",0.001,0.01,1e-07,separable,1970003206110,0.22253
"U(0.001,0.01), eps=1e-07",0.001,0.01,1e-07,separable,2376321352395,0.24352
"U(0.001,0.01), eps=1e-07",0.001,0.01,1e-07,separable,2866443644525,0.2661
"U(0.001,0.01), eps=1e-07",0.001,0.01,1e-07,separable,3457654899644,0.29283
"U(0.001,0.01), eps=1e-07",0.001,0.01,1e-07,separable,4170804972171,0.31853
"U(0.001,0.01), eps=1e-07",0.001,0.01,1e-07,separable,5031044051758,0.3473
"U(0.001,0.01), eps=1e-07",0.001,0.01,1e-07,separable,6068709618315,0.37855
"U(0.001,0.01), eps=1e-07",0.001,0.01,1e-07,separable,7320396333752,0.41258
"U(0.001,0.01), eps=1e-07",0.001,0.01,1e-07,separable,8830246601596,0.44853
"U(0.001,0.01), eps=1e-07",0.001,0.01,1e-07,separable,10651507307808,0.48752
"U(0.001,0.01), eps=1e-07",0.001,0.01,1e-07,separable,12848407643312,0.52682
"U(0.001,0.01), eps=1e-07",0.001,0.01,1e-07,linear,8565605095,0.2304
"U(0.001,0.01), eps=1e-07",0.001,0.01,1e-07,linear,10332282821,0.2513
"U(0.001,0.01), eps=1e-07",0.001,0.01,1e-07,linear,12463342298,0.27705
"U(0.001,0.01), eps=1e-07",0.001,0.01,1e-07,linear,15033938186,0.30357
"U(0.001,0.01), eps=1e-07",0.001,0.01,1e-07,linear,18134725979,0.33198
"U(0.001,0.01), eps=1e-07",0.001,0.01,1e-07,linear,21875059102,0.36357
"U(0.001,0.01), eps=1e-07",0.001,0.01,1e-07,linear,26386845396,0.39082
"U(0.001,0.01), eps=1e-07",0.001,0.01,1e-07,linear,31829199030,0.42997
"U(0.001,0.01), eps=1e-07",0.001,0.01,1e-07,linear,38394051873,0.4661
"U(0.001,0.01), eps=1e-07",0.001,0.01,1e-07,linear,46312922226,0.50487
"U(0.001,0.01), eps=1e-07",0.001,0.01,1e-07,linear,55865079629,0.54402
"U(0.001,0.01), eps=1e-07",0.001,0.01,1e-07,linear,67387393667,0.58745
"U(0.001,0.01), eps=1e-07",0.001,0.01,1e-07,linear,81286214132,0.6307
"U(0.001,0.01), eps=1e-07",0.001,0.01,1e-07,linear,98051701489,0.6722
"U(0.001,0.01), eps=1e-07",0.001,0.01,1e-07,linear,118275113038,0.7128
"U(0.001,0.01), eps=1e-07",0.001,0.01,1e-07,linear,142669654393,0.75592
"U(0.001,0.01), eps=1e-07",0.001,0.01,1e-07,linear,172095631632,0.79492
"U(0.001,0.01), eps=1e-07",0.001,0.01,1e-07,linear,207590791138,0.83555
"U(0.001,0.01), eps=1e-07",0.001,0.01,1e-07,linear,250406917112,0.87138
"U(0.001,0.01), eps=1e-07",0.001,0.01,1e-07,linear,302053977412,0.90172
"U(0.001,0.01), eps=1e-07",0.001,0.01,1e-07,linear,364353374591,0.93032
"U(0.001,0.01), eps=1e-07",0.001,0.01,1e-07,linear,439502180084,0.95215
"U(0.001,0.01), eps=1e-07",0.001,0.01,1e-07,linear,530150616871,0.96845
"U(0.001,0.01), eps=1e-07",0.001,0.01,1e-07,linear,639495523129,0.98103
"U(0.001,0.01), eps=1e-07",0.001,0.01,1e-07,linear,771393092995,0.98852
"U(0.001,0.01), eps=1e-07",0.001,0.01,1e-07,linear,930494870409,0.99192
"U(0.001,0.01), eps=1e-07",0.001,0.01,1e-07,linear,1122411792016,0.99543
"U(0.001,0.01), eps=1e-07",0.001,0.01,1e-07,linear,1353912064344,0.9981
"U(0.001,0.01), eps=1e-07",0.001,0.01,1e-07,linear,1633159853642,0.99855
"U(0.001,0.01), eps=1e-07",0.001,0.01,1e-07,linear,1970003206110,0.99905
"U(0.001,0.01), eps=1e-07",0.001,0.01,1e-07,linear,2376321352395,0.99933
"U(0.001,0.01), eps=1e-07",0.001,0.01,1e-07,linear,2866443644525,0.99938
"U(0.001,0.01), eps=1e-07",0.001,0.01,1e-07,linear,3457654899644,0.99938
"U(0.001,0.01), eps=1e-07",0.001,0.01,1e-07,linear,4170804972171,0.99938
"U(0.001,0.01), eps=1e-07",0.001,0.01,1e-07,linear,5031044051758,0.99938
"U(0.001,0.01), eps=1e-07",0.001,0.01,1e-07,linear,6068709618315,0.99938
"U(0.001,0.01), eps=1e-07",0.001,0.01,1e-07,linear,7320396333752,0.99938
"U(0.001,0.01), eps=1e-07",0.001,0.01,1e-07,linear,8830246601596,0.99938
"U(0.001,0.01), eps=1e-07",0.001,0.01,1e-07,linear,10651507307808,0.99938
"U(0.001,0.01), eps=1e-07",0.001,0.01,1e-07,linear,12848407643312,0.99938
"U(0.001,0.01), eps=1e-07",0.001,0.01,1e-07,binary,8565605095,0.24843
"U(0.001,0.01), eps=1e-07",0.001,0.01,1e-07,binary,10332282821,0.27008
"U(0.001,0.01), eps=1e-07",0.001,0.01,1e-07,binary,12463342298,0.29018
"U(0.001,0.01), eps=1e-07",0.001,0.01,1e-07,binary,15033938186,0.31683
"U(0.001,0.01), eps=1e-07",0.001,0.01,1e-07,binary,18134725979,0.34555
"U(0.001,0.01), eps=1e-07",0.001,0.01,1e-07,binary,21875059102,0.39225
"U(0.001,0.01), eps=1e-07",0.001,0.01,1e-07,binary,26386845396,0.4277
"U(0.001,0.01), eps=1e-07",0.001,0.01,1e-07,binary,31829199030,0.46422
"U(0.001,0.01), eps=1e-07",0.001,0.01,1e-07,binary,38394051873,0.50353
"U(0.001,0.01), eps=1e-07",0.001,0.01,1e-07,binary,46312922226,0.54502
"U(0.001,0.01), eps=1e-07",0.001,0.01,1e-07,binary,55865079629,0.58595
"U(0.001,0.01), eps=1e-07",0.001,0.01,1e-07,binary,67387393667,0.62882
"U(0.001,0.01), eps=1e-07",0.001,0.01,1e-07,binary,81286214132,0.67138
"U(0.001,0.01), eps=1e-07",0.001,0.01,1e-07,binary,98051701489,0.7157
"U(0.001,0.01), eps=1e-07",0.001,0.01,1e-07,binary,118275113038,0.75525
"U(0.001,0.01), eps=1e-07",0.001,0.01,1e-07,binary,142669654393,0.79338
"U(0.001,0.01), eps=1e-07",0.001,0.01,1e-07,binary,172095631632,0.83113
"U(0.001,0.01), eps=1e-07",0.001,0.01,1e-07,binary,207590791138,0.86565
"U(0.001,0.01), eps=1e-07",0.001,0.01,1e-07,binary,250406917112,0.8964
"U(0.001,0.01), eps=1e-07",0.001,0.01,1e-07,binary,302053977412,0.92148
"U(0.001,0.01), eps=1e-07",0.001,0.01,1e-07,binary,364353374591,0.94385
"U(0.001,0.01), eps=1e-07",0.001,0.01,1e-07,binary,439502180084,0.96045
"U(0.001,0.01), eps=1e-07",0.001,0.01,1e-07,binary,530150616871,0.97375
"U(0.001,0.01), eps=1e-07",0.001,0.01,1e-07,binary,639495523129,0.98247
"U(0.001,0.01), eps=1e-07",0.001,0.01,1e-07,binary,771393092995,0.98525
"U(0.001,0.01), eps=1e-07",0.001,0.01,1e-07,binary,930494870409,0.99123
"U(0.001,0.01), eps=1e-07",0.001,0.01,1e-07,binary,1122411792016,0.99623
"U(0.001,0.01), eps=1e-07",0.001,0.01,1e-07,binary,1353912064344,0.99855
"U(0.001,0.01), eps=1e-07",0.001,0.01,1e-07,binary,1633159853642,0.99923
"U(0.001,0.01), eps=1e-07",0.001,0.01,1e-07,binary,1970003206110,0.99945
"U(0.001,0.01), eps=1e-07",0.001,0.01,1e-07,binary,2376321352395,0.99965
"U(0.001,0.01), eps=1e-07",0.001,0.01,1e-07,binary,2866443644525,0.9997
"U(0.001,0.01), eps=1e-07",0.001,0.01,1e-07,binary,3457654899644,0.99972
"U(0.001,0.01), eps=1e-07",0.001,0.01,1e-07,binary,4170804972171,0.99972
"U(0.001,0.01), eps=1e-07",0.001,0.01,1e-07,binary,5031044051758,0.99972
"U(0.001,0.01), eps=1e-07",0.001,0.01,1e-07,binary,6068709618315,0.99972
"U(0.001,0.01), eps=1e-07",0.001,0.01,1e-07,binary,7320396333752,0.99972
"U(0.001,0.01), eps=1e-07",0.001,0.01,1e-07,binary,8830246601596,0.99972
"U(0.001,0.01), eps=1e-07",0.001,0.01,1e-07,binary,10651507307808,0.99972
"U(0.001,0.01), eps=1e-07",0.001,0.01,1e-07,binary,12848407643312,0.99972
"U(0.001,0.01), eps=1e-07",0.001,0.01,1e-07,reverse_eng,8565605095,0.27187
"U(0.001,0.01), eps=1e-07",0.001,0.01,1e-07,reverse_eng,10332282821,0.29673
"U(0.001,0.01), eps=1e-07",0.001,0.01,1e-07,reverse_eng,12463342298,0.32285
"U(0.001,0.01), eps=1e-07",0.001,0.01,1e-07,reverse_eng,15033938186,0.35202
"U(0.001,0.01), eps=1e-07",0.001,0.01,1e-07,reverse_eng,18134725979,0.3824
"U(0.001,0.01), eps=1e-07",0.001,0.01,1e-07,reverse_eng,21875059102,0.41442
"U(0.001,0.01), eps=1e-07",0.001,0.01,1e-07,reverse_eng,26386845396,0.44465
"U(0.001,0.01), eps=1e-07",0.001,0.01,1e-07,reverse_eng,31829199030,0.48145
"U(0.001,0.01), eps=1e-07",0.001,0.01,1e-07,reverse_eng,38394051873,0.5194
"U(0.001,0.01), eps=1e-07",0.001,0.01,1e-07,reverse_eng,46312922226,0.56453
"U(0.001,0.01), eps=1e-07",0.001,0.01,1e-07,reverse_eng,55865079629,0.59862
"U(0.001,0.01), eps=1e-07",0.001,0.01,1e-07,reverse_eng,67387393667,0.63882
"U(0.001,0.01), eps=1e-07",0.001,0.01,1e-07,reverse_eng,81286214132,0.68898
"U(0.001,0.01), eps=1e-07",0.001,0.01,1e-07,reverse_eng,98051701489,0.72085
"U(0.001,0.01), eps=1e-07",0.001,0.01,1e-07,reverse_eng,118275113038,0.75982
"U(0.001,0.01), eps=1e-07",0.001,0.01,1e-07,reverse_eng,142669654393,0.7998
"U(0.001,0.01), eps=1e-07",0.001,0.01,1e-07,reverse_eng,172095631632,0.84032
"U(0.001,0.01), eps=1e-07",0.001,0.01,1e-07,reverse_eng,207590791138,0.8718
"U(0.001,0.01), eps=1e-07",0.001,0.01,1e-07,reverse_eng,250406917112,0.9005
"U(0.001,0.01), eps=1e-07",0.001,0.01,1e-07,reverse_eng,302053977412,0.92188
"U(0.001,0.01), eps=1e-07",0.001,0.01,1e-07,reverse_eng,364353374591,0.94303
"U(0.001,0.01), eps=1e-07",0.001,0.01,1e-07,reverse_eng,439502180084,0.96113
"U(0.001,0.01), eps=1e-07",0.001,0.01,1e-07,reverse_eng,530150616871,0.97667
"U(0.001,0.01), eps=1e-07",0.001,0.01,1e-07,reverse_eng,639495523129,0.9848
"U(0.001,0.01), eps=1e-07",0.001,0.01,1e-07,reverse_eng,771393092995,0.99143
"U(0.001,0.01), eps=1e-07",0.001,0.01,1e-07,reverse_eng,930494870409,0.9959
"U(0.001,0.01), eps=1e-07",0.001,0.01,1e-07,reverse_eng,1122411792016,0.99808
"U(0.001,0.01), eps=1e-07",0.001,0.01,1e-07,reverse_eng,1353912064344,0.99895
"U(0.001,0.01), eps=1e-07",0.001,0.01,1e-07,reverse_eng,1633159853642,0.99935
"U(0.001,0.01), eps=1e-07",0.001,0.01,1e-07,reverse_eng,1970003206110,0.99948
"U(0.001,0.01), eps=1e-07",0.001,0.01,1e-07,reverse_eng,2376321352395,0.9996
"U(0.001,0.01), eps=1e-07",0.001,0.01,1e-07,reverse_eng,2866443644525,0.9996
"U(0.001,0.01), eps=1e-07",0.001,0.01,1e-07,reverse_eng,3457654899644,0.9996
"U(0.001,0.01), eps=1e-07",0.001,0.01,1e-07,reverse_eng,4170804972171,0.99962
"U(0.001,0.01), eps=1e-07",0.001,0.01,1e-07,reverse_eng,5031044051758,0.99962
"U(0.001,0.01), eps=1e-07",0.001,0.01,1e-07,reverse_eng,6068709618315,0.99962
"U(0.001,0.01), eps=1e-07",0.001,0.01,1e-07,reverse_eng,7320396333752,0.99962
"U(0.001,0.01), eps=1e-07",0.001,0.01,1e-07,reverse_eng,8830246601596,0.99962
"U(0.001,0.01), eps=1e-07",0.001,0.01,1e-07,reverse_eng,10651507307808,0.99962
"U(0.001,0.01), eps=1e-07",0.001,0.01,1e-07,reverse_eng,12848407643312,0.99962
"U(0.001,0.01), eps=1e-07",0.001,0.01,1e-07,binary_risk,8565605095,0.26743
"U(0.001,0.01), eps=1e-07",0.001,0.01,1e-07,binary_risk,10332282821,0.292
"U(0.001,0.01), eps=1e-07",0.001,0.01,1e-07,binary_risk,12463342298,0.31843
"U(0.001,0.01), eps=1e-07",0.001,0.01,1e-07,binary_risk,15033938186,0.34715
"U(0.001,0.01), eps=1e-07",0.001,0.01,1e-07,binary_risk,18134725979,0.37807
"U(0.001,0.01), eps=1e-07",0.001,0.01,1e-07,binary_risk,21875059102,0.41115
"U(0.001,0.01), eps=1e-07",0.001,0.01,1e-07,binary_risk,26386845396,0.44603
"U(0.001,0.01), eps=1e-07",0.001,0.01,1e-07,binary_risk,31829199030,0.48218
"U(0.001,0.01), eps=1e-07",0.001,0.01,1e-07,binary_risk,38394051873,0.52205
"U(0.001,0.01), eps=1e-07",0.001,0.01,1e-07,binary_risk,46312922226,0.56175
"U(0.001,0.01), eps=1e-07",0.001,0.01,1e-07,binary_risk,55865079629,0.6029
"U(0.001,0.01), eps=1e-07",0.001,0.01,1e-07,binary_risk,67387393667,0.64592
"U(0.001,0.01), eps=1e-07",0.001,0.01,1e-07,binary_risk,81286214132,0.68732
"U(0.001,0.01), eps=1e-07",0.001,0.01,1e-07,binary_risk,98051701489,0.7287
"U(0.001,0.01), eps=1e-07",0.001,0.01,1e-07,binary_risk,118275113038,0.76815
"U(0.001,0.01), eps=1e-07",0.001,0.01,1e-07,binary_risk,142669654393,0.80678
"U(0.001,0.01), eps=1e-07",0.001,0.01,1e-07,binary_risk,172095631632,0.83718
"U(0.001,0.01), eps=1e-07",0.001,0.01,1e-07,binary_risk,207590791138,0.86985
"U(0.001,0.01), eps=1e-07",0.001,0.01,1e-07,binary_risk,250406917112,0.9024
"U(0.001,0.01), eps=1e-07",0.001,0.01,1e-07,binary_risk,302053977412,0.92568
"U(0.001,0.01), eps=1e-07",0.001,0.01,1e-07,binary_risk,364353374591,0.9487
"U(0.001,0.01), eps=1e-07",0.001,0.01,1e-07,binary_risk,439502180084,0.96408
"U(0.001,0.01), eps=1e-07",0.001,0.01,1e-07,binary_risk,530150616871,0.9781
"U(0.001,0.01), eps=1e-07",0.001,0.01,1e-07,binary_risk,639495523129,0.9835
"U(0.001,0.01), eps=1e-07",0.001,0.01,1e-07,binary_risk,771393092995,0.9921
"U(0.001,0.01), eps=1e-07",0.001,0.01,1e-07,binary_risk,930494870409,0.99582
"U(0.001,0.01), eps=1e-07",0.001,0.01,1e-07,binary_risk,1122411792016,0.99808
"U(0.001,0.01), eps=1e-07",0.001,0.01,1e-07,binary_risk,1353912064344,0.99892
"U(0.001,0.01), eps=1e-07",0.001,0.01,1e-07,binary_risk,1633159853642,0.998
"U(0.001,0.01), eps=1e-07",0.001,0.01,1e-07,binary_risk,1970003206110,0.9988
"U(0.001,0.01), eps=1e-07",0.001,0.01,1e-07,binary_risk,2376321352395,0.99938
"U(0.001,0.01), eps=1e-07",0.001,0.01,1e-07,binary_risk,2866443644525,0.99948
"U(0.001,0.01), eps=1e-07",0.001,0.01,1e-07,binary_risk,3457654899644,0.99977
"U(0.001,0.01), eps=1e-07",0.001,0.01,1e-07,binary_risk,4170804972171,0.9999
"U(0.001,0.01), eps=1e-07",0.001,0.01,1e-07,binary_risk,5031044051758,0.99995
"U(0.001,0.01), eps=1e-07",0.001,0.01,1e-07,binary_risk,6068709618315,1.0
"U(0.001,0.01), eps=1e-07",0.001,0.01,1e-07,binary_risk,7320396333752,1.0
"U(0.001,0.01), eps=1e-07",0.001,0.01,1e-07,binary_risk,8830246601596,1.0
"U(0.001,0.01), eps=1e-07",0.001,0.01,1e-07,binary_risk,10651507307808,1.0
"U(0.001,0.01), eps=1e-07",0.001,0.01,1e-07,binary_risk,12848407643312,1.0
"U(0.001,0.01), eps=1e-07",0.001,0.01,1e-07,reverse_eng_risk,8565605095,0.2747
"U(0.001,0.01), eps=1e-07",0.001,0.01,1e-07,reverse_eng_risk,10332282821,0.2991
"U(0.001,0.01), eps=1e-07",0.001,0.01,1e-07,reverse_eng_risk,12463342298,0.32595
"U(0.001,0.01), eps=1e-07",0.001,0.01,1e-07,reverse_eng_risk,15033938186,0.35578
"U(0.001,0.01), eps=1e-07",0.001,0.01,1e-07,reverse_eng_risk,18134725979,0.38543
"U(0.001,0.01), eps=1e-07",0.001,0.01,1e-07,reverse_eng_risk,21875059102,0.41913
"U(0.001,0.01), eps=1e-07",0.001,0.01,1e-07,reverse_eng_risk,26386845396,0.45475
"U(0.001,0.01), eps=1e-07",0.001,0.01,1e-07,reverse_eng_risk,31829199030,0.48852
"U(0.001,0.01), eps=1e-07",0.001,0.01,1e-07,reverse_eng_risk,38394051873,0.52745
"U(0.001,0.01), eps=1e-07",0.001,0.01,1e-07,reverse_eng_risk,46312922226,0.5673
"U(0.001,0.01), eps=1e-07",0.001,0.01,1e-07,reverse_eng_risk,55865079629,0.60608
"U(0.001,0.01), eps=1e-07",0.001,0.01,1e-07,reverse_eng_risk,67387393667,0.64877
"U(0.001,0.01), eps=1e-07",0.001,0.01,1e-07,reverse_eng_risk,81286214132,0.69158
"U(0.001,0.01), eps=1e-07",0.001,0.01,1e-07,reverse_eng_risk,98051701489,0.7309
"U(0.001,0.01), eps=1e-07",0.001,0.01,1e-07,reverse_eng_risk,118275113038,0.77058
"U(0.001,0.01), eps=1e-07",0.001,0.01,1e-07,reverse_eng_risk,142669654393,0.80665
"U(0.001,0.01), eps=1e-07",0.001,0.01,1e-07,reverse_eng_risk,172095631632,0.8455
"U(0.001,0.01), eps=1e-07",0.001,0.01,1e-07,reverse_eng_risk,207590791138,0.87357
"U(0.001,0.01), eps=1e-07",0.001,0.01,1e-07,reverse_eng_risk,250406917112,0.90243
"U(0.001,0.01), eps=1e-07",0.001,0.01,1e-07,reverse_eng_risk,302053977412,0.9281
"U(0.001,0.01), eps=1e-07",0.001,0.01,1e-07,reverse_eng_risk,364353374591,0.94652
"U(0.001,0.01), eps=1e-07",0.001,0.01,1e-07,reverse_eng_risk,439502180084,0.96362
"U(0.001,0.01), eps=1e-07",0.001,0.01,1e-07,reverse_eng_risk,530150616871,0.97777
"U(0.001,0.01), eps=1e-07",0.001,0.01,1e-07,reverse_eng_risk,639495523129,0.98675
"U(0.001,0.01), eps=1e-07",0.001,0.01,1e-07,reverse_eng_risk,771393092995,0.99265
"U(0.001,0.01), eps=1e-07",0.001,0.01,1e-07,reverse_eng_risk,930494870409,0.99635
"U(0.001,0.01), eps=1e-07",0.001,0.01,1e-07,reverse_eng_risk,1122411792016,0.99825
"U(0.001,0.01), eps=1e-07",0.001,0.01,1e-07,reverse_eng_risk,1353912064344,0.9992
"U(0.001,0.01), eps=1e-07",0.001,0.01,1e-07,reverse_eng_risk,1633159853642,0.99965
"U(0.001,0.01), eps=1e-07",0.001,0.01,1e-07,reverse_eng_risk,1970003206110,0.9998
"U(0.001,0.01), eps=1e-07",0.001,0.01,1e-07,reverse_eng_risk,2376321352395,0.99992
"U(0.001,0.01), eps=1e-07",0.001,0.01,1e-07,reverse_eng_risk,2866443644525,0.99995
"U(0.001,0.01), eps=1e-07",0.001,0.01,1e-07,reverse_eng_risk,3457654899644,0.99997
"U(0.001,0.01), eps=1e-07",0.001,0.01,1e-07,reverse_eng_risk,4170804972171,1.0
"U(0.001,0.01), eps=1e-07",0.001,0.01,1e-07,reverse_eng_risk,5031044051758,1.0
"U(0.001,0.01), eps=1e-07",0.001,0.01,1e-07,reverse_eng_risk,6068709618315,1.0
"U(0.001,0.01), eps=1e-07",0.001,0.01,1e-07,reverse_eng_risk,7320396333752,1.0
"U(0.001,0.01), eps=1e-07",0.001,0.01,1e-07,reverse_eng_risk,8830246601596,1.0
"U(0.001,0.01), eps=1e-07",0.001,0.01,1e-07,reverse_eng_risk,10651507307808,1.0
"U(0.001,0.01), eps=1e-07",0.001,0.01,1e-07,reverse_eng_risk,12848407643312,1.0
"U(0.01,0.1), eps=1e-08",0.01,0.1,1e-08,brute,8965333333333,0.1851
"U(0.01,0.1), eps=1e-08",0.01,0.1,1e-08,brute,10814456019797,0.2024
"U(0.01,0.1), eps=1e-08",0.01,0.1,1e-08,brute,13044964939485,0.2218
"U(0.01,0.1), eps=1e-08",0.01,0.1,1e-08,brute,15735521968084,0.2425
"U(0.01,0.1), eps=1e-08",0.01,0.1,1e-08,brute,18981013192192,0.265
"U(0.01,0.1), eps=1e-08",0.01,0.1,1e-08,brute,22895895193876,0.29178
"U(0.01,0.1), eps=1e-08",0.01,0.1,1e-08,brute,27618231514879,0.31755
"U(0.01,0.1), eps=1e-08",0.01,0.1,1e-08,brute,33314561651797,0.34647
"U(0.01,0.1), eps=1e-08",0.01,0.1,1e-08,brute,40185774293819,0.37722
"U(0.01,0.1), eps=1e-08",0.01,0.1,1e-08,brute,48474191930623,0.41137
"U(0.01,0.1), eps=1e-08",0.01,0.1,1e-08,brute,58472116678571,0.44745
"U(0.01,0.1), eps=1e-08",0.01,0.1,1e-08,brute,70532138705184,0.48575
"U(0.01,0.1), eps=1e-08",0.01,0.1,1e-08,brute,85079570792251,0.5255
"U(0.01,0.1), eps=1e-08",0.01,0.1,1e-08,brute,102627447559047,0.56703
"U(0.01,0.1), eps=1e-08",0.01,0.1,1e-08,brute,123794618313287,0.61193
"U(0.01,0.1), eps=1e-08",0.01,0.1,1e-08,brute,149327571598378,0.65875
"U(0.01,0.1), eps=1e-08",0.01,0.1,1e-08,brute,180126761108769,0.7036
"U(0.01,0.1), eps=1e-08",0.01,0.1,1e-08,brute,217278361391956,0.74767
"U(0.01,0.1), eps=1e-08",0.01,0.1,1e-08,brute,262092573244382,0.79265
"U(0.01,0.1), eps=1e-08",0.01,0.1,1e-08,brute,316149829692175,0.834
"U(0.01,0.1), eps=1e-08",0.01,0.1,1e-08,brute,381356532072333,0.87135
"U(0.01,0.1), eps=1e-08",0.01,0.1,1e-08,brute,460012281821689,0.9044
"U(0.01,0.1), eps=1e-08",0.01,0.1,1e-08,brute,554890978992489,0.93307
"U(0.01,0.1), eps=1e-08",0.01,0.1,1e-08,brute,669338647542012,0.9546
"U(0.01,0.1), eps=1e-08",0.01,0.1,1e-08,brute,807391437335714,0.97167
"U(0.01,0.1), eps=1e-08",0.01,0.1,1e-08,brute,973917964362154,0.98377
"U(0.01,0.1), eps=1e-08",0.01,0.1,1e-08,brute,1174791008977376,0.9924
"U(0.01,0.1), eps=1e-08",0.01,0.1,1e-08,brute,1417094627346739,0.99672
"U(0.01,0.1), eps=1e-08",0.01,0.1,1e-08,brute,1709373980145668,0.99875
"U(0.01,0.1), eps=1e-08",0.01,0.1,1e-08,brute,2061936689062103,0.99972
"U(0.01,0.1), eps=1e-08",0.01,0.1,1e-08,brute,2487216348840222,0.99992
"U(0.01,0.1), eps=1e-08",0.01,0.1,1e-08,brute,3000211014602975,1.0
"U(0.01,0.1), eps=1e-08",0.01,0.1,1e-08,brute,3619012128294440,1.0
"U(0.01,0.1), eps=1e-08",0.01,0.1,1e-08,brute,4365442537539460,1.0
"U(0.01,0.1), eps=1e-08",0.01,0.1,1e-08,brute,5265826107507471,1.0
"U(0.01,0.1), eps=1e-08",0.01,0.1,1e-08,brute,6351916067170663,1.0
"U(0.01,0.1), eps=1e-08",0.01,0.1,1e-08,brute,7662014829327249,1.0
"U(0.01,0.1), eps=1e-08",0.01,0.1,1e-08,brute,9242324776338010,1.0
"U(0.01,0.1), eps=1e-08",0.01,0.1,1e-08,brute,11148577648839002,1.0
"U(0.01,0.1), eps=1e-08",0.01,0.1,1e-08,brute,13447999999999998,1.0
"U(0.01,0.1), eps=1e-08",0.01,0.1,1e-08,separable,8965333333333,0.04852
"U(0.01,0.1), eps=1e-08",0.01,0.1,1e-08,separable,10814456019797,0.0538
"U(0.01,0.1), eps=1e-08",0.01,0.1,1e-08,separable,13044964939485,0.05917
"U(0.01,0.1), eps=1e-08",0.01,0.1,1e-08,separable,15735521968084,0.06488
"U(0.01,0.1), eps=1e-08",0.01,0.1,1e-08,separable,18981013192192,0.07135
"U(0.01,0.1), eps=1e-08",0.01,0.1,1e-08,separable,22895895193876,0.07838
"U(0.01,0.1), eps=1e-08",0.01,0.1,1e-08,separable,27618231514879,0.08607
"U(0.01,0.1), eps=1e-08",0.01,0.1,1e-08,separable,33314561651797,0.0951
"U(0.01,0.1), eps=1e-08",0.01,0.1,1e-08,separable,40185774293819,0.1038
"U(0.01,0.1), eps=1e-08",0.01,0.1,1e-08,separable,48474191930623,0.11395
"U(0.01,0.1), eps=1e-08",0.01,0.1,1e-08,separable,58472116678571,0.12462
"U(0.01,0.1), eps=1e-08",0.01,0.1,1e-08,separable,70532138705184,0.13655
"U(0.01,0.1), eps=1e-08",0.01,0.1,1e-08,separable,85079570792251,0.1483
"U(0.01,0.1), eps=1e-08",0.01,0.1,1e-08,separable,102627447559047,0.16275
"U(0.01,0.1), eps=1e-08",0.01,0.1,1e-08,separable,123794618313287,0.17815
"U(0.01,0.1), eps=1e-08",0.01,0.1,1e-08,separable,149327571598378,0.1952
"U(0.01,0.1), eps=1e-08",0.01,0.1,1e-08,separable,180126761108769,0.2131
"U(0.01,0.1), eps=1e-08",0.01,0.1,1e-08,separable,217278361391956,0.23333
"U(0.01,0.1), eps=1e-08",0.01,0.1,1e-08,separable,262092573244382,0.25417
"U(0.01,0.1), eps=1e-08",0.01,0.1,1e-08,separable,316149829692175,0.27968
"U(0.01,0.1), eps=1e-08",0.01,0.1,1e-08,separable,381356532072333,0.30602
"U(0.01,0.1), eps=1e-08",0.01,0.1,1e-08,separable,460012281821689,0.33393
"U(0.01,0.1), eps=1e-08",0.01,0.1,1e-08,separable,554890978992489,0.36352
"U(0.01,0.1), eps=1e-08",0.01,0.1,1e-08,separable,669338647542012,0.39653
"U(0.01,0.1), eps=1e-08",0.01,0.1,1e-08,separable,807391437335714,0.43055
"U(0.01,0.1), eps=1e-08",0.01,0.1,1e-08,separable,973917964362154,0.46803
"U(0.01,0.1), eps=1e-08",0.01,0.1,1e-08,separable,1174791008977376,0.5081
"U(0.01,0.1), eps=1e-08",0.01,0.1,1e-08,separable,1417094627346739,0.54802
"U(0.01,0.1), eps=1e-08",0.01,0.1,1e-08,separable,1709373980145668,0.59232
"U(0.01,0.1), eps=1e-08",0.01,0.1,1e-08,separable,2061936689062103,0.63815
"U(0.01,0.1), eps=1e-08",0.01,0.1,1e-08,separable,2487216348840222,0.6831
"U(0.01,0.1), eps=1e-08",0.01,0.1,1e-08,separable,3000211014602975,0.72823
"U(0.01,0.1), eps=1e-08",0.01,0.1,1e-08,separable,3619012128294440,0.77333
"U(0.01,0.1), eps=1e-08",0.01,0.1,1e-08,separable,4365442537539460,0.81717
"U(0.01,0.1), eps=1e-08",0.01,0.1,1e-08,separable,5265826107507471,0.85525
"U(0.01,0.1), eps=1e-08",0.01,0.1,1e-08,separable,6351916067170663,0.8911
"U(0.01,0.1), eps=1e-08",0.01,0.1,1e-08,separable,7662014829327249,0.92087
"U(0.01,0.1), eps=1e-08",0.01,0.1,1e-08,separable,9242324776338010,0.94593
"U(0.01,0.1), eps=1e-08",0.01,0.1,1e-08,separable,11148577648839002,0.96485
"U(0.01,0.1), eps=1e-08",0.01,0.1,1e-08,separable,13447999999999998,0.9794
"U(0.01,0.1), eps=1e-08",0.01,0.1,1e-08,linear,8965333333333,0.24382
"U(0.01,0.1), eps=1e-08",0.01,0.1,1e-08,linear,10814456019797,0.2681
"U(0.01,0.1), eps=1e-08",0.01,0.1,1e-08,linear,13044964939485,0.2918
"U(0.01,0.1), eps=1e-08",0.01,0.1,1e-08,linear,15735521968084,0.32495
"U(0.01,0.1), eps=1e-08",0.01,0.1,1e-08,linear,18981013192192,0.35387
"U(0.01,0.1), eps=1e-08",0.01,0.1,1e-08,linear,22895895193876,0.3832
"U(0.01,0.1), eps=1e-08",0.01,0.1,1e-08,linear,27618231514879,0.4156
"U(0.01,0.1), eps=1e-08",0.01,0.1,1e-08,linear,33314561651797,0.4541
"U(0.01,0.1), eps=1e-08",0.01,0.1,1e-08,linear,40185774293819,0.4924
"U(0.01,0.1), eps=1e-08",0.01,0.1,1e-08,linear,48474191930623,0.52643
"U(0.01,0.1), eps=1e-08",0.01,0.1,1e-08,linear,58472116678571,0.56507
"U(0.01,0.1), eps=1e-08",0.01,0.1,1e-08,linear,70532138705184,0.61418
"U(0.01,0.1), eps=1e-08",0.01,0.1,1e-08,linear,85079570792251,0.65505
"U(0.01,0.1), eps=1e-08",0.01,0.1,1e-08,linear,102627447559047,0.69445
"U(0.01,0.1), eps=1e-08",0.01,0.1,1e-08,linear,123794618313287,0.7337
"U(0.01,0.1), eps=1e-08",0.01,0.1,1e-08,linear,149327571598378,0.77472
"U(0.01,0.1), eps=1e-08",0.01,0.1,1e-08,linear,180126761108769,0.8143
"U(0.01,0.1), eps=1e-08",0.01,0.1,1e-08,linear,217278361391956,0.85105
"U(0.01,0.1), eps=1e-08",0.01,0.1,1e-08,linear,262092573244382,0.88253
"U(0.01,0.1), eps=1e-08",0.01,0.1,1e-08,linear,316149829692175,0.91068
"U(0.01,0.1), eps=1e-08",0.01,0.1,1e-08,linear,381356532072333,0.93368
"U(0.01,0.1), eps=1e-08",0.01,0.1,1e-08,linear,460012281821689,0.95242
"U(0.01,0.1), eps=1e-08",0.01,0.1,1e-08,linear,554890978992489,0.9635
"U(0.01,0.1), eps=1e-08",0.01,0.1,1e-08,linear,669338647542012,0.98105
"U(0.01,0.1), eps=1e-08",0.01,0.1,1e-08,linear,807391437335714,0.98415
"U(0.01,0.1), eps=1e-08",0.01,0.1,1e-08,linear,973917964362154,0.98995
"U(0.01,0.1), eps=1e-08",0.01,0.1,1e-08,linear,1174791008977376,0.99615
"U(0.01,0.1), eps=1e-08",0.01,0.1,1e-08,linear,1417094627346739,0.99805
"U(0.01,0.1), eps=1e-08",0.01,0.1,1e-08,linear,1709373980145668,0.99872
"U(0.01,0.1), eps=1e-08",0.01,0.1,1e-08,linear,2061936689062103,0.99865
"U(0.01,0.1), eps=1e-08",0.01,0.1,1e-08,linear,2487216348840222,0.99965
"U(0.01,0.1), eps=1e-08",0.01,0.1,1e-08,linear,3000211014602975,0.99992
"U(0.01,0.1), eps=1e-08",0.01,0.1,1e-08,linear,3619012128294440,0.99995
"U(0.01,0.1), eps=1e-08",0.01,0.1,1e-08,linear,4365442537539460,0.99995
"U(0.01,0.1), eps=1e-08",0.01,0.1,1e-08,linear,5265826107507471,0.99995
"U(0.01,0.1), eps=1e-08",0.01,0.1,1e-08,linear,6351916067170663,0.99995
"U(0.01,0.1), eps=1e-08",0.01,0.1,1e-08,linear,7662014829327249,0.99995
"U(0.01,0.1), eps=1e-08",0.01,0.1,1e-08,linear,9242324776338010,0.99995
"U(0.01,0.1), eps=1e-08",0.01,0.1,1e-08,linear,11148577648839002,0.99995
"U(0.01,0.1), eps=1e-08",0.01,0.1,1e-08,linear,13447999999999998,0.99995
"U(0.01,0.1), eps=1e-08",0.01,0.1,1e-08,binary,8965333333333,0.26412
"U(0.01,0.1), eps=1e-08",0.01,0.1,1e-08,binary,10814456019797,0.2868
"U(0.01,0.1), eps=1e-08",0.01,0.1,1e-08,binary,13044964939485,0.31257
"U(0.01,0.1), eps=1e-08",0.01,0.1,1e-08,binary,15735521968084,0.34127
"U(0.01,0.1), eps=1e-08",0.01,0.1,1e-08,binary,18981013192192,0.37267
"U(0.01,0.1), eps=1e-08",0.01,0.1,1e-08,binary,22895895193876,0.40623
"U(0.01,0.1), eps=1e-08",0.01,0.1,1e-08,binary,27618231514879,0.44165
"U(0.01,0.1), eps=1e-08",0.01,0.1,1e-08,binary,33314561651797,0.47705
"U(0.01,0.1), eps=1e-08",0.01,0.1,1e-08,binary,40185774293819,0.5163
"U(0.01,0.1), eps=1e-08",0.01,0.1,1e-08,binary,48474191930623,0.55615
"U(0.01,0.1), eps=1e-08",0.01,0.1,1e-08,binary,58472116678571,0.59495
"U(0.01,0.1), eps=1e-08",0.01,0.1,1e-08,binary,70532138705184,0.6374
"U(0.01,0.1), eps=1e-08",0.01,0.1,1e-08,binary,85079570792251,0.67717
"U(0.01,0.1), eps=1e-08",0.01,0.1,1e-08,binary,102627447559047,0.71542
"U(0.01,0.1), eps=1e-08",0.01,0.1,1e-08,binary,123794618313287,0.75362
"U(0.01,0.1), eps=1e-08",0.01,0.1,1e-08,binary,149327571598378,0.79145
"U(0.01,0.1), eps=1e-08",0.01,0.1,1e-08,binary,180126761108769,0.82785
"U(0.01,0.1), eps=1e-08",0.01,0.1,1e-08,binary,217278361391956,0.86155
"U(0.01,0.1), eps=1e-08",0.01,0.1,1e-08,binary,262092573244382,0.88658
"U(0.01,0.1), eps=1e-08",0.01,0.1,1e-08,binary,316149829692175,0.91112
"U(0.01,0.1), eps=1e-08",0.01,0.1,1e-08,binary,381356532072333,0.9391
"U(0.01,0.1), eps=1e-08",0.01,0.1,1e-08,binary,460012281821689,0.95857
"U(0.01,0.1), eps=1e-08",0.01,0.1,1e-08,binary,554890978992489,0.97232
"U(0.01,0.1), eps=1e-08",0.01,0.1,1e-08,binary,669338647542012,0.98262
"U(0.01,0.1), eps=1e-08",0.01,0.1,1e-08,binary,807391437335714,0.98975
"U(0.01,0.1), eps=1e-08",0.01,0.1,1e-08,binary,973917964362154,0.9941
"U(0.01,0.1), eps=1e-08",0.01,0.1,1e-08,binary,1174791008977376,0.99613
"U(0.01,0.1), eps=1e-08",0.01,0.1,1e-08,binary,1417094627346739,0.99803
"U(0.01,0.1), eps=1e-08",0.01,0.1,1e-08,binary,1709373980145668,0.99908
"U(0.01,0.1), eps=1e-08",0.01,0.1,1e-08,binary,2061936689062103,0.99955
"U(0.01,0.1), eps=1e-08",0.01,0.1,1e-08,binary,2487216348840222,0.99955
"U(0.01,0.1), eps=1e-08",0.01,0.1,1e-08,binary,3000211014602975,0.9994
"U(0.01,0.1), eps=1e-08",0.01,0.1,1e-08,binary,3619012128294440,0.99833
"U(0.01,0.1), eps=1e-08",0.01,0.1,1e-08,binary,4365442537539460,0.99833
"U(0.01,0.1), eps=1e-08",0.01,0.1,1e-08,binary,5265826107507471,0.99833
"U(0.01,0.1), eps=1e-08",0.01,0.1,1e-08,binary,6351916067170663,0.99833
"U(0.01,0.1), eps=1e-08",0.01,0.1,1e-08,binary,7662014829327249,0.99833
"U(0.01,0.1), eps=1e-08",0.01,0.1,1e-08,binary,9242324776338010,0.99833
"U(0.01,0.1), eps=1e-08",0.01,0.1,1e-08,binary,11148577648839002,0.99833
"U(0.01,0.1), eps=1e-08",0.01,0.1,1e-08,binary,13447999999999998,0.99833
"U(0.01,0.1), eps=1e-08",0.01,0.1,1e-08,reverse_eng,8965333333333,0.27437
"U(0.01,0.1), eps=1e-08",0.01,0.1,1e-08,reverse_eng,10814456019797,0.29938
"U(0.01,0.1), eps=1e-08",0.01,0.1,1e-08,reverse_eng,13044964939485,0.32612
"U(0.01,0.1), eps=1e-08",0.01,0.1,1e-08,reverse_eng,15735521968084,0.35535
"U(0.01,0.1), eps=1e-08",0.01,0.1,1e-08,reverse_eng,18981013192192,0.38598
"U(0.01,0.1), eps=1e-08",0.01,0.1,1e-08,reverse_eng,22895895193876,0.4184
"U(0.01,0.1), eps=1e-08",0.01,0.1,1e-08,reverse_eng,27618231514879,0.45298
"U(0.01,0.1), eps=1e-08",0.01,0.1,1e-08,reverse_eng,33314561651797,0.4908
"U(0.01,0.1), eps=1e-08",0.01,0.1,1e-08,reverse_eng,40185774293819,0.52928
"U(0.01,0.1), eps=1e-08",0.01,0.1,1e-08,reverse_eng,48474191930623,0.56752
"U(0.01,0.1), eps=1e-08",0.01,0.1,1e-08,reverse_eng,58472116678571,0.60793
"U(0.01,0.1), eps=1e-08",0.01,0.1,1e-08,reverse_eng,70532138705184,0.6495
"U(0.01,0.1), eps=1e-08",0.01,0.1,1e-08,reverse_eng,85079570792251,0.69165
"U(0.01,0.1), eps=1e-08",0.01,0.1,1e-08,reverse_eng,102627447559047,0.73075
"U(0.01,0.1), eps=1e-08",0.01,0.1,1e-08,reverse_eng,123794618313287,0.7699
"U(0.01,0.1), eps=1e-08",0.01,0.1,1e-08,reverse_eng,149327571598378,0.80715
"U(0.01,0.1), eps=1e-08",0.01,0.1,1e-08,reverse_eng,180126761108769,0.84145
"U(0.01,0.1), eps=1e-08",0.01,0.1,1e-08,reverse_eng,217278361391956,0.8725
"U(0.01,0.1), eps=1e-08",0.01,0.1,1e-08,reverse_eng,262092573244382,0.901
"U(0.01,0.1), eps=1e-08",0.01,0.1,1e-08,reverse_eng,316149829692175,0.9262
"U(0.01,0.1), eps=1e-08",0.01,0.1,1e-08,reverse_eng,381356532072333,0.94635
"U(0.01,0.1), eps=1e-08",0.01,0.1,1e-08,reverse_eng,460012281821689,0.96115
"U(0.01,0.1), eps=1e-08",0.01,0.1,1e-08,reverse_eng,554890978992489,0.97593
"U(0.01,0.1), eps=1e-08",0.01,0.1,1e-08,reverse_eng,669338647542012,0.98525
"U(0.01,0.1), eps=1e-08",0.01,0.1,1e-08,reverse_eng,807391437335714,0.9917
"U(0.01,0.1), eps=1e-08",0.01,0.1,1e-08,reverse_eng,973917964362154,0.99585
"U(0.01,0.1), eps=1e-08",0.01,0.1,1e-08,reverse_eng,1174791008977376,0.99733
"U(0.01,0.1), eps=1e-08",0.01,0.1,1e-08,reverse_eng,1417094627346739,0.99835
"U(0.01,0.1), eps=1e-08",0.01,0.1,1e-08,reverse_eng,1709373980145668,0.99908
"U(0.01,0.1), eps=1e-08",0.01,0.1,1e-08,reverse_eng,2061936689062103,0.99955
"U(0.01,0.1), eps=1e-08",0.01,0.1,1e-08,reverse_eng,2487216348840222,0.99977
"U(0.01,0.1), eps=1e-08",0.01,0.1,1e-08,reverse_eng,3000211014602975,0.99985
"U(0.01,0.1), eps=1e-08",0.01,0.1,1e-08,reverse_eng,3619012128294440,0.99985
"U(0.01,0.1), eps=1e-08",0.01,0.1,1e-08,reverse_eng,4365442537539460,0.99985
"U(0.01,0.1), eps=1e-08",0.01,0.1,1e-08,reverse_eng,5265826107507471,0.99985
"U(0.01,0.1), eps=1e-08",0.01,0.1,1e-08,reverse_eng,6351916067170663,0.99985
"U(0.01,0.1), eps=1e-08",0.01,0.1,1e-08,reverse_eng,7662014829327249,0.99985
"U(0.01,0.1), eps=1e-08",0.01,0.1,1e-08,reverse_eng,9242324776338010,0.99985
"U(0.01,0.1), eps=1e-08",0.01,0.1,1e-08,reverse_eng,11148577648839002,0.99985
"U(0.01,0.1), eps=1e-08",0.01,0.1,1e-08,reverse_eng,13447999999999998,0.99985
"U(0.01,0.1), eps=1e-08",0.01,0.1,1e-08,binary_risk,8965333333333,0.27513
"U(0.01,0.1), eps=1e-08",0.01,0.1,1e-08,binary_risk,10814456019797,0.30007
"U(0.01,0.1), eps=1e-08",0.01,0.1,1e-08,binary_risk,13044964939485,0.32717
"U(0.01,0.1), eps=1e-08",0.01,0.1,1e-08,binary_risk,15735521968084,0.35695
"U(0.01,0.1), eps=1e-08",0.01,0.1,1e-08,binary_risk,18981013192192,0.39027
"U(0.01,0.1), eps=1e-08",0.01,0.1,1e-08,binary_risk,22895895193876,0.4234
"U(0.01,0.1), eps=1e-08",0.01,0.1,1e-08,binary_risk,27618231514879,0.46025
"U(0.01,0.1), eps=1e-08",0.01,0.1,1e-08,binary_risk,33314561651797,0.496
"U(0.01,0.1), eps=1e-08",0.01,0.1,1e-08,binary_risk,40185774293819,0.53773
"U(0.01,0.1), eps=1e-08",0.01,0.1,1e-08,binary_risk,48474191930623,0.57568
"U(0.01,0.1), eps=1e-08",0.01,0.1,1e-08,binary_risk,58472116678571,0.61682
"U(0.01,0.1), eps=1e-08",0.01,0.1,1e-08,binary_risk,70532138705184,0.6597
"U(0.01,0.1), eps=1e-08",0.01,0.1,1e-08,binary_risk,85079570792251,0.69863
"U(0.01,0.1), eps=1e-08",0.01,0.1,1e-08,binary_risk,102627447559047,0.73818
"U(0.01,0.1), eps=1e-08",0.01,0.1,1e-08,binary_risk,123794618313287,0.77472
"U(0.01,0.1), eps=1e-08",0.01,0.1,1e-08,binary_risk,149327571598378,0.8128
"U(0.01,0.1), eps=1e-08",0.01,0.1,1e-08,binary_risk,180126761108769,0.84747
"U(0.01,0.1), eps=1e-08",0.01,0.1,1e-08,binary_risk,217278361391956,0.8788
"U(0.01,0.1), eps=1e-08",0.01,0.1,1e-08,binary_risk,262092573244382,0.90785
"U(0.01,0.1), eps=1e-08",0.01,0.1,1e-08,binary_risk,316149829692175,0.93117
"U(0.01,0.1), eps=1e-08",0.01,0.1,1e-08,binary_risk,381356532072333,0.95042
"U(0.01,0.1), eps=1e-08",0.01,0.1,1e-08,binary_risk,460012281821689,0.967
"U(0.01,0.1), eps=1e-08",0.01,0.1,1e-08,binary_risk,554890978992489,0.9789
"U(0.01,0.1), eps=1e-08",0.01,0.1,1e-08,binary_risk,669338647542012,0.98655
"U(0.01,0.1), eps=1e-08",0.01,0.1,1e-08,binary_risk,807391437335714,0.9929
"U(0.01,0.1), eps=1e-08",0.01,0.1,1e-08,binary_risk,973917964362154,0.99618
"U(0.01,0.1), eps=1e-08",0.01,0.1,1e-08,binary_risk,1174791008977376,0.99825
"U(0.01,0.1), eps=1e-08",0.01,0.1,1e-08,binary_risk,1417094627346739,0.9992
"U(0.01,0.1), eps=1e-08",0.01,0.1,1e-08,binary_risk,1709373980145668,0.99887
"U(0.01,0.1), eps=1e-08",0.01,0.1,1e-08,binary_risk,2061936689062103,0.9987
"U(0.01,0.1), eps=1e-08",0.01,0.1,1e-08,binary_risk,2487216348840222,0.99975
"U(0.01,0.1), eps=1e-08",0.01,0.1,1e-08,binary_risk,3000211014602975,0.99987
"U(0.01,0.1), eps=1e-08",0.01,0.1,1e-08,binary_risk,3619012128294440,0.9999
"U(0.01,0.1), eps=1e-08",0.01,0.1,1e-08,binary_risk,4365442537539460,1.0
"U(0.01,0.1), eps=1e-08",0.01,0.1,1e-08,binary_risk,5265826107507471,0.99997
"U(0.01,0.1), eps=1e-08",0.01,0.1,1e-08,binary_risk,6351916067170663,1.0
"U(0.01,0.1), eps=1e-08",0.01,0.1,1e-08,binary_risk,7662014829327249,1.0
"U(0.01,0.1), eps=1e-08",0.01,0.1,1e-08,binary_risk,9242324776338010,1.0
"U(0.01,0.1), eps=1e-08",0.01,0.1,1e-08,binary_risk,11148577648839002,1.0
"U(0.01,0.1), eps=1e-08",0.01,0.1,1e-08,binary_risk,13447999999999998,1.0
"U(0.01,0.1), eps=1e-08",0.01,0.1,1e-08,reverse_eng_risk,8965333333333,0.27892
"U(0.01,0.1), eps=1e-08",0.01,0.1,1e-08,reverse_eng_risk,10814456019797,0.3044
"U(0.01,0.1), eps=1e-08",0.01,0.1,1e-08,reverse_eng_risk,13044964939485,0.33103
"U(0.01,0.1), eps=1e-08",0.01,0.1,1e-08,reverse_eng_risk,15735521968084,0.36078
"U(0.01,0.1), eps=1e-08",0.01,0.1,1e-08,reverse_eng_risk,18981013192192,0.39185
"U(0.01,0.1), eps=1e-08",0.01,0.1,1e-08,reverse_eng_risk,22895895193876,0.42462
"U(0.01,0.1), eps=1e-08",0.01,0.1,1e-08,reverse_eng_risk,27618231514879,0.46027
"U(0.01,0.1), eps=1e-08",0.01,0.1,1e-08,reverse_eng_risk,33314561651797,0.49778
"U(0.01,0.1), eps=1e-08",0.01,0.1,1e-08,reverse_eng_risk,40185774293819,0.5288
"U(0.01,0.1), eps=1e-08",0.01,0.1,1e-08,reverse_eng_risk,48474191930623,0.5749
"U(0.01,0.1), eps=1e-08",0.01,0.1,1e-08,reverse_eng_risk,58472116678571,0.6163
"U(0.01,0.1), eps=1e-08",0.01,0.1,1e-08,reverse_eng_risk,70532138705184,0.64995
"U(0.01,0.1), eps=1e-08",0.01,0.1,1e-08,reverse_eng_risk,85079570792251,0.69945
"U(0.01,0.1), eps=1e-08",0.01,0.1,1e-08,reverse_eng_risk,102627447559047,0.73345
"U(0.01,0.1), eps=1e-08",0.01,0.1,1e-08,reverse_eng_risk,123794618313287,0.77668
"U(0.01,0.1), eps=1e-08",0.01,0.1,1e-08,reverse_eng_risk,149327571598378,0.80835
"U(0.01,0.1), eps=1e-08",0.01,0.1,1e-08,reverse_eng_risk,180126761108769,0.84667
"U(0.01,0.1), eps=1e-08",0.01,0.1,1e-08,reverse_eng_risk,217278361391956,0.87905
"U(0.01,0.1), eps=1e-08",0.01,0.1,1e-08,reverse_eng_risk,262092573244382,0.90343
"U(0.01,0.1), eps=1e-08",0.01,0.1,1e-08,reverse_eng_risk,316149829692175,0.92905
"U(0.01,0.1), eps=1e-08",0.01,0.1,1e-08,reverse_eng_risk,381356532072333,0.9487
"U(0.01,0.1), eps=1e-08",0.01,0.1,1e-08,reverse_eng_risk,460012281821689,0.96503
"U(0.01,0.1), eps=1e-08",0.01,0.1,1e-08,reverse_eng_risk,554890978992489,0.97808
"U(0.01,0.1), eps=1e-08",0.01,0.1,1e-08,reverse_eng_risk,669338647542012,0.98703
"U(0.01,0.1), eps=1e-08",0.01,0.1,1e-08,reverse_eng_risk,807391437335714,0.99277
"U(0.01,0.1), eps=1e-08",0.01,0.1,1e-08,reverse_eng_risk,973917964362154,0.99667
"U(0.01,0.1), eps=1e-08",0.01,0.1,1e-08,reverse_eng_risk,1174791008977376,0.99825
"U(0.01,0.1), eps=1e-08",0.01,0.1,1e-08,reverse_eng_risk,1417094627346739,0.99915
"U(0.01,0.1), eps=1e-08",0.01,0.1,1e-08,reverse_eng_risk,1709373980145668,0.99962
"U(0.01,0.1), eps=1e-08",0.01,0.1,1e-08,reverse_eng_risk,2061936689062103,0.99982
"U(0.01,0.1), eps=1e-08",0.01,0.1,1e-08,reverse_eng_risk,2487216348840222,0.99992
"U(0.01,0.1), eps=1e-08",0.01,0.1,1e-08,reverse_eng_risk,3000211014602975,0.99995
"U(0.01,0.1), eps=1e-08",0.01,0.1,1e-08,reverse_eng_risk,3619012128294440,0.99997
"U(0.01,0.1), eps=1e-08",0.01,0.1,1e-08,reverse_eng_risk,4365442537539460,1.0
"U(0.01,0.1), eps=1e-08",0.01,0.1,1e-08,reverse_eng_risk,5265826107507471,1.0
"U(0.01,0.1), eps=1e-08",0.01,0.1,1e-08,reverse_eng_risk,6351916067170663,1.0
"U(0.01,0.1), eps=1e-08",0.01,0.1,1e-08,reverse_eng_risk,7662014829327249,1.0
"U(0.01,0.1), eps=1e-08",0.01,0.1,1e-08,reverse_eng_risk,9242324776338010,1.0
"U(0.01,0.1), eps=1e-08",0.01,0.1,1e-08,reverse_eng_risk,11148577648839002,1.0
"U(0.01,0.1), eps=1e-08",0.01,0.1,1e-08,reverse_eng_risk,13447999999999998,1.0
"U(0.001,0.01), eps=1e-08",0.001,0.01,1e-08,brute,856560509554,0.185
"U(0.001,0.01), eps=1e-08",0.001,0.01,1e-08,brute,1033228282146,0.20228
"U(0.001,0.01), eps=1e-08",0.001,0.01,1e-08,brute,1246334229887,0.22177
"U(0.001,0.01), eps=1e-08",0.001,0.01,1e-08,brute,1503393818606,0.24238
"U(0.001,0.01), eps=1e-08",0.001,0.01,1e-08,brute,1813472597980,0.2649
"U(0.001,0.01), eps=1e-08",0.001,0.01,1e-08,brute,2187505910242,0.2917
"U(0.001,0.01), eps=1e-08",0.001,0.01,1e-08,brute,2638684539638,0.31745
"U(0.001,0.01), eps=1e-08",0.001,0.01,1e-08,brute,3182919903037,0.34632
"U(0.001,0.01), eps=1e-08",0.001,0.01,1e-08,brute,3839405187307,0.37715
"U(0.001,0.01), eps=1e-08",0.001,0.01,1e-08,brute,4631292222671,0.41128
"U(0.001,0.01), eps=1e-08",0.001,0.01,1e-08,brute,5586507962920,0.44738
"U(0.001,0.01), eps=1e-08",0.001,0.01,1e-08,brute,6738739366737,0.48568
"U(0.001,0.01), eps=1e-08",0.001,0.01,1e-08,brute,8128621413272,0.52548
"U(0.001,0.01), eps=1e-08",0.001,0.01,1e-08,brute,9805170148953,0.56698
"U(0.001,0.01), eps=1e-08",0.001,0.01,1e-08,brute,11827511303817,0.61182
"U(0.001,0.01), eps=1e-08",0.001,0.01,1e-08,brute,14266965439335,0.65865
"U(0.001,0.01), eps=1e-08",0.001,0.01,1e-08,brute,17209563163258,0.70355
"U(0.001,0.01), eps=1e-08",0.001,0.01,1e-08,brute,20759079113881,0.74765
"U(0.001,0.01), eps=1e-08",0.001,0.01,1e-08,brute,25040691711246,0.79265
"U(0.001,0.01), eps=1e-08",0.001,0.01,1e-08,brute,30205397741290,0.834
"U(0.001,0.01), eps=1e-08",0.001,0.01,1e-08,brute,36435337459140,0.87135
"U(0.001,0.01), eps=1e-08",0.001,0.01,1e-08,brute,43950218008441,0.90443
"U(0.001,0.01), eps=1e-08",0.001,0.01,1e-08,brute,53015061687180,0.9331
"U(0.001,0.01), eps=1e-08",0.001,0.01,1e-08,brute,63949552312931,0.95462
"U(0.001,0.01), eps=1e-08",0.001,0.01,1e-08,brute,77139309299590,0.9717
"U(0.001,0.01), eps=1e-08",0.001,0.01,1e-08,brute,93049487040969,0.98377
"U(0.001,0.01), eps=1e-08",0.001,0.01,1e-08,brute,112241179201660,0.9924
"U(0.001,0.01), eps=1e-08",0.001,0.01,1e-08,brute,135391206434402,0.99672
"U(0.001,0.01), eps=1e-08",0.001,0.01,1e-08,brute,163315985364235,0.99875
"U(0.001,0.01), eps=1e-08",0.001,0.01,1e-08,brute,197000320611029,0.99972
"U(0.001,0.01), eps=1e-08",0.001,0.01,1e-08,brute,237632135239512,0.99992
"U(0.001,0.01), eps=1e-08",0.001,0.01,1e-08,brute,286644364452512,1.0
"U(0.001,0.01), eps=1e-08",0.001,0.01,1e-08,brute,345765489964437,1.0
"U(0.001,0.01), eps=1e-08",0.001,0.01,1e-08,brute,417080497217146,1.0
"U(0.001,0.01), eps=1e-08",0.001,0.01,1e-08,brute,503104405175871,1.0
"U(0.001,0.01), eps=1e-08",0.001,0.01,1e-08,brute,606870961831593,1.0
"U(0.001,0.01), eps=1e-08",0.001,0.01,1e-08,brute,732039633375216,1.0
"U(0.001,0.01), eps=1e-08",0.001,0.01,1e-08,brute,883024660159680,1.0
"U(0.001,0.01), eps=1e-08",0.001,0.01,1e-08,brute,1065150730780802,1.0
"U(0.001,0.01), eps=1e-08",0.001,0.01,1e-08,brute,1284840764331210,1.0
"U(0.001,0.01), eps=1e-08",0.001,0.01,1e-08,separable,856560509554,0.0151
"U(0.001,0.01), eps=1e-08",0.001,0.01,1e-08,separable,1033228282146,0.01673
"U(0.001,0.01), eps=1e-08",0.001,0.01,1e-08,separable,1246334229887,0.01818
"U(0.001,0.01), eps=1e-08",0.001,0.01,1e-08,separable,1503393818606,0.01972
"U(0.001,0.01), eps=1e-08",0.001,0.01,1e-08,separable,1813472597980,0.02158
"U(0.001,0.01), eps=1e-08",0.001,0.01,1e-08,separable,2187505910242,0.0239
"U(0.001,0.01), eps=1e-08",0.001,0.01,1e-08,separable,2638684539638,0.02645
"U(0.001,0.01), eps=1e-08",0.001,0.01,1e-08,separable,3182919903037,0.02902
"U(0.001,0.01), eps=1e-08",0.001,0.01,1e-08,separable,3839405187307,0.03188
"U(0.001,0.01), eps=1e-08",0.001,0.01,1e-08,separable,4631292222671,0.03483
"U(0.001,0.01), eps=1e-08",0.001,0.01,1e-08,separable,5586507962920,0.03807
"U(0.001,0.01), eps=1e-08",0.001,0.01,1e-08,separable,6738739366737,0.04217
"U(0.001,0.01), eps=1e-08",0.001,0.01,1e-08,separable,8128621413272,0.0464
"U(0.001,0.01), eps=1e-08",0.001,0.01,1e-08,separable,9805170148953,0.05105
"U(0.001,0.01), eps=1e-08",0.001,0.01,1e-08,separable,11827511303817,0.05643
"U(0.001,0.01), eps=1e-08",0.001,0.01,1e-08,separable,14266965439335,0.06195
"U(0.001,0.01), eps=1e-08",0.001,0.01,1e-08,separable,17209563163258,0.0676
"U(0.001,0.01), eps=1e-08",0.001,0.01,1e-08,separable,20759079113881,0.07427
"U(0.001,0.01), eps=1e-08",0.001,0.01,1e-08,separable,25040691711246,0.08205
"U(0.001,0.01), eps=1e-08",0.001,0.01,1e-08,separable,30205397741290,0.0901
"U(0.001,0.01), eps=1e-08",0.001,0.01,1e-08,separable,36435337459140,0.09917
"U(0.001,0.01), eps=1e-08",0.001,0.01,1e-08,separable,43950218008441,0.10873
"U(0.001,0.01), eps=1e-08",0.001,0.01,1e-08,separable,53015061687180,0.11897
"U(0.001,0.01), eps=1e-08",0.001,0.01,1e-08,separable,63949552312931,0.13037
"U(0.001,0.01), eps=1e-08",0.001,0.01,1e-08,separable,77139309299590,0.14222
"U(0.001,0.01), eps=1e-08",0.001,0.01,1e-08,separable,93049487040969,0.15507
"U(0.001,0.01), eps=1e-08",0.001,0.01,1e-08,separable,112241179201660,0.16958
"U(0.001,0.01), eps=1e-08",0.001,0.01,1e-08,separable,135391206434402,0.1856
"U(0.001,0.01), eps=1e-08",0.001,0.01,1e-08,separable,163315985364235,0.20315
"U(0.001,0.01), eps=1e-08",0.001,0.01,1e-08,separable,197000320611029,0.22255
"U(0.001,0.01), eps=1e-08",0.001,0.01,1e-08,separable,237632135239512,0.24345
"U(0.001,0.01), eps=1e-08",0.001,0.01,1e-08,separable,286644364452512,0.2661
"U(0.001,0.01), eps=1e-08",0.001,0.01,1e-08,separable,345765489964437,0.29273
"U(0.001,0.01), eps=1e-08",0.001,0.01,1e-08,separable,417080497217146,0.31857
"U(0.001,0.01), eps=1e-08",0.001,0.01,1e-08,separable,503104405175871,0.34728
"U(0.001,0.01), eps=1e-08",0.001,0.01,1e-08,separable,606870961831593,0.37848
"U(0.001,0.01), eps=1e-08",0.001,0.01,1e-08,separable,732039633375216,0.4126
"U(0.001,0.01), eps=1e-08",0.001,0.01,1e-08,separable,883024660159680,0.44855
"U(0.001,0.01), eps=1e-08",0.001,0.01,1e-08,separable,1065150730780802,0.48745
"U(0.001,0.01), eps=1e-08",0.001,0.01,1e-08,separable,1284840764331210,0.52685
"U(0.001,0.01), eps=1e-08",0.001,0.01,1e-08,linear,856560509554,0.23048
"U(0.001,0.01), eps=1e-08",0.001,0.01,1e-08,linear,1033228282146,0.25155
"U(0.001,0.01), eps=1e-08",0.001,0.01,1e-08,linear,1246334229887,0.2773
"U(0.001,0.01), eps=1e-08",0.001,0.01,1e-08,linear,1503393818606,0.30493
"U(0.001,0.01), eps=1e-08",0.001,0.01,1e-08,linear,1813472597980,0.33317
"U(0.001,0.01), eps=1e-08",0.001,0.01,1e-08,linear,2187505910242,0.36373
"U(0.001,0.01), eps=1e-08",0.001,0.01,1e-08,linear,2638684539638,0.39187
"U(0.001,0.01), eps=1e-08",0.001,0.01,1e-08,linear,3182919903037,0.42965
"U(0.001,0.01), eps=1e-08",0.001,0.01,1e-08,linear,3839405187307,0.46663
"U(0.001,0.01), eps=1e-08",0.001,0.01,1e-08,linear,4631292222671,0.50453
"U(0.001,0.01), eps=1e-08",0.001,0.01,1e-08,linear,5586507962920,0.54375
"U(0.001,0.01), eps=1e-08",0.001,0.01,1e-08,linear,6738739366737,0.5872
"U(0.001,0.01), eps=1e-08",0.001,0.01,1e-08,linear,8128621413272,0.63053
"U(0.001,0.01), eps=1e-08",0.001,0.01,1e-08,linear,9805170148953,0.6722
"U(0.001,0.01), eps=1e-08",0.001,0.01,1e-08,linear,11827511303817,0.71227
"U(0.001,0.01), eps=1e-08",0.001,0.01,1e-08,linear,14266965439335,0.75518
"U(0.001,0.01), eps=1e-08",0.001,0.01,1e-08,linear,17209563163258,0.79573
"U(0.001,0.01), eps=1e-08",0.001,0.01,1e-08,linear,20759079113881,0.8356
"U(0.001,0.01), eps=1e-08",0.001,0.01,1e-08,linear,25040691711246,0.87115
"U(0.001,0.01), eps=1e-08",0.001,0.01,1e-08,linear,30205397741290,0.90163
"U(0.001,0.01), eps=1e-08",0.001,0.01,1e-08,linear,36435337459140,0.9306
"U(0.001,0.01), eps=1e-08",0.001,0.01,1e-08,linear,43950218008441,0.95115
"U(0.001,0.01), eps=1e-08",0.001,0.01,1e-08,linear,53015061687180,0.96835
"U(0.001,0.01), eps=1e-08",0.001,0.01,1e-08,linear,63949552312931,0.98103
"U(0.001,0.01), eps=1e-08",0.001,0.01,1e-08,linear,77139309299590,0.98842
"U(0.001,0.01), eps=1e-08",0.001,0.01,1e-08,linear,93049487040969,0.9919
"U(0.001,0.01), eps=1e-08",0.001,0.01,1e-08,linear,112241179201660,0.99545
"U(0.001,0.01), eps=1e-08",0.001,0.01,1e-08,linear,135391206434402,0.99808
"U(0.001,0.01), eps=1e-08",0.001,0.01,1e-08,linear,163315985364235,0.99855
"U(0.001,0.01), eps=1e-08",0.001,0.01,1e-08,linear,197000320611029,0.99905
"U(0.001,0.01), eps=1e-08",0.001,0.01,1e-08,linear,237632135239512,0.99933
"U(0.001,0.01), eps=1e-08",0.001,0.01,1e-08,linear,286644364452512,0.99938
"U(0.001,0.01), eps=1e-08",0.001,0.01,1e-08,linear,345765489964437,0.99938
"U(0.001,0.01), eps=1e-08",0.001,0.01,1e-08,linear,417080497217146,0.99938
"U(0.001,0.01), eps=1e-08",0.001,0.01,1e-08,linear,503104405175871,0.99938
"U(0.001,0.01), eps=1e-08",0.001,0.01,1e-08,linear,606870961831593,0.99938
"U(0.001,0.01), eps=1e-08",0.001,0.01,1e-08,linear,732039633375216,0.99938
"U(0.001,0.01), eps=1e-08",0.001,0.01,1e-08,linear,883024660159680,0.99938
"U(0.001,0.01), eps=1e-08",0.001,0.01,1e-08,linear,1065150730780802,0.99938
"U(0.001,0.01), eps=1e-08",0.001,0.01,1e-08,linear,1284840764331210,0.99938
"U(0.001,0.01), eps=1e-08",0.001,0.01,1e-08,binary,856560509554,0.25398
"U(0.001,0.01), eps=1e-08",0.001,0.01,1e-08,binary,1033228282146,0.28305
"U(0.001,0.01), eps=1e-08",0.001,0.01,1e-08,binary,1246334229887,0.31
"U(0.001,0.01), eps=1e-08",0.001,0.01,1e-08,binary,1503393818606,0.3364
"U(0.001,0.01), eps=1e-08",0.001,0.01,1e-08,binary,1813472597980,0.37033
"U(0.001,0.01), eps=1e-08",0.001,0.01,1e-08,binary,2187505910242,0.40395
"U(0.001,0.01), eps=1e-08",0.001,0.01,1e-08,binary,2638684539638,0.4385
"U(0.001,0.01), eps=1e-08",0.001,0.01,1e-08,binary,3182919903037,0.47987
"U(0.001,0.01), eps=1e-08",0.001,0.01,1e-08,binary,3839405187307,0.51665
"U(0.001,0.01), eps=1e-08",0.001,0.01,1e-08,binary,4631292222671,0.55455
"U(0.001,0.01), eps=1e-08",0.001,0.01,1e-08,binary,5586507962920,0.59452
"U(0.001,0.01), eps=1e-08",0.001,0.01,1e-08,binary,6738739366737,0.63155
"U(0.001,0.01), eps=1e-08",0.001,0.01,1e-08,binary,8128621413272,0.67315
"U(0.001,0.01), eps=1e-08",0.001,0.01,1e-08,binary,9805170148953,0.71737
"U(0.001,0.01), eps=1e-08",0.001,0.01,1e-08,binary,11827511303817,0.75792
"U(0.001,0.01), eps=1e-08",0.001,0.01,1e-08,binary,14266965439335,0.7947
"U(0.001,0.01), eps=1e-08",0.001,0.01,1e-08,binary,17209563163258,0.83213
"U(0.001,0.01), eps=1e-08",0.001,0.01,1e-08,binary,20759079113881,0.86618
"U(0.001,0.01), eps=1e-08",0.001,0.01,1e-08,binary,25040691711246,0.89685
"U(0.001,0.01), eps=1e-08",0.001,0.01,1e-08,binary,30205397741290,0.92173
"U(0.001,0.01), eps=1e-08",0.001,0.01,1e-08,binary,36435337459140,0.94415
"U(0.001,0.01), eps=1e-08",0.001,0.01,1e-08,binary,43950218008441,0.96067
"U(0.001,0.01), eps=1e-08",0.001,0.01,1e-08,binary,53015061687180,0.9736
"U(0.001,0.01), eps=1e-08",0.001,0.01,1e-08,binary,63949552312931,0.98225
"U(0.001,0.01), eps=1e-08",0.001,0.01,1e-08,binary,77139309299590,0.98528
"U(0.001,0.01), eps=1e-08",0.001,0.01,1e-08,binary,93049487040969,0.9912
"U(0.001,0.01), eps=1e-08",0.001,0.01,1e-08,binary,112241179201660,0.99618
"U(0.001,0.01), eps=1e-08",0.001,0.01,1e-08,binary,135391206434402,0.99855
"U(0.001,0.01), eps=1e-08",0.001,0.01,1e-08,binary,163315985364235,0.99923
"U(0.001,0.01), eps=1e-08",0.001,0.01,1e-08,binary,197000320611029,0.99945
"U(0.001,0.01), eps=1e-08",0.001,0.01,1e-08,binary,237632135239512,0.99965
"U(0.001,0.01), eps=1e-08",0.001,0.01,1e-08,binary,286644364452512,0.9997
"U(0.001,0.01), eps=1e-08",0.001,0.01,1e-08,binary,345765489964437,0.99972
"U(0.001,0.01), eps=1e-08",0.001,0.01,1e-08,binary,417080497217146,0.99972
"U(0.001,0.01), eps=1e-08",0.001,0.01,1e-08,binary,503104405175871,0.99972
"U(0.001,0.01), eps=1e-08",0.001,0.01,1e-08,binary,606870961831593,0.99972
"U(0.001,0.01), eps=1e-08",0.001,0.01,1e-08,binary,732039633375216,0.99972
"U(0.001,0.01), eps=1e-08",0.001,0.01,1e-08,binary,883024660159680,0.99972
"U(0.001,0.01), eps=1e-08",0.001,0.01,1e-08,binary,1065150730780802,0.99972
"U(0.001,0.01), eps=1e-08",0.001,0.01,1e-08,binary,1284840764331210,0.99972
"U(0.001,0.01), eps=1e-08",0.001,0.01,1e-08,reverse_eng,856560509554,0.27222
"U(0.001,0.01), eps=1e-08",0.001,0.01,1e-08,reverse_eng,1033228282146,0.29688
"U(0.001,0.01), eps=1e-08",0.001,0.01,1e-08,reverse_eng,1246334229887,0.32335
"U(0.001,0.01), eps=1e-08",0.001,0.01,1e-08,reverse_eng,1503393818606,0.35275
"U(0.001,0.01), eps=1e-08",0.001,0.01,1e-08,reverse_eng,1813472597980,0.38217
"U(0.001,0.01), eps=1e-08",0.001,0.01,1e-08,reverse_eng,2187505910242,0.41487
"U(0.001,0.01), eps=1e-08",0.001,0.01,1e-08,reverse_eng,2638684539638,0.4491
"U(0.001,0.01), eps=1e-08",0.001,0.01,1e-08,reverse_eng,3182919903037,0.4816
"U(0.001,0.01), eps=1e-08",0.001,0.01,1e-08,reverse_eng,3839405187307,0.5188
"U(0.001,0.01), eps=1e-08",0.001,0.01,1e-08,reverse_eng,4631292222671,0.5585
"U(0.001,0.01), eps=1e-08",0.001,0.01,1e-08,reverse_eng,5586507962920,0.5987
"U(0.001,0.01), eps=1e-08",0.001,0.01,1e-08,reverse_eng,6738739366737,0.63855
"U(0.001,0.01), eps=1e-08",0.001,0.01,1e-08,reverse_eng,8128621413272,0.6889
"U(0.001,0.01), eps=1e-08",0.001,0.01,1e-08,reverse_eng,9805170148953,0.72355
"U(0.001,0.01), eps=1e-08",0.001,0.01,1e-08,reverse_eng,11827511303817,0.76207
"U(0.001,0.01), eps=1e-08",0.001,0.01,1e-08,reverse_eng,14266965439335,0.79705
"U(0.001,0.01), eps=1e-08",0.001,0.01,1e-08,reverse_eng,17209563163258,0.8404
"U(0.001,0.01), eps=1e-08",0.001,0.01,1e-08,reverse_eng,20759079113881,0.872
"U(0.001,0.01), eps=1e-08",0.001,0.01,1e-08,reverse_eng,25040691711246,0.90043
"U(0.001,0.01), eps=1e-08",0.001,0.01,1e-08,reverse_eng,30205397741290,0.92178
"U(0.001,0.01), eps=1e-08",0.001,0.01,1e-08,reverse_eng,36435337459140,0.943
"U(0.001,0.01), eps=1e-08",0.001,0.01,1e-08,reverse_eng,43950218008441,0.9611
"U(0.001,0.01), eps=1e-08",0.001,0.01,1e-08,reverse_eng,53015061687180,0.97662
"U(0.001,0.01), eps=1e-08",0.001,0.01,1e-08,reverse_eng,63949552312931,0.98477
"U(0.001,0.01), eps=1e-08",0.001,0.01,1e-08,reverse_eng,77139309299590,0.9914
"U(0.001,0.01), eps=1e-08",0.001,0.01,1e-08,reverse_eng,93049487040969,0.9959
"U(0.001,0.01), eps=1e-08",0.001,0.01,1e-08,reverse_eng,112241179201660,0.99805
"U(0.001,0.01), eps=1e-08",0.001,0.01,1e-08,reverse_eng,135391206434402,0.99895
"U(0.001,0.01), eps=1e-08",0.001,0.01,1e-08,reverse_eng,163315985364235,0.99935
"U(0.001,0.01), eps=1e-08",0.001,0.01,1e-08,reverse_eng,197000320611029,0.99948
"U(0.001,0.01), eps=1e-08",0.001,0.01,1e-08,reverse_eng,237632135239512,0.9996
"U(0.001,0.01), eps=1e-08",0.001,0.01,1e-08,reverse_eng,286644364452512,0.9996
"U(0.001,0.01), eps=1e-08",0.001,0.01,1e-08,reverse_eng,345765489964437,0.9996
"U(0.001,0.01), eps=1e-08",0.001,0.01,1e-08,reverse_eng,417080497217146,0.99962
"U(0.001,0.01), eps=1e-08",0.001,0.01,1e-08,reverse_eng,503104405175871,0.99962
"U(0.001,0.01), eps=1e-08",0.001,0.01,1e-08,reverse_eng,606870961831593,0.99962
"U(0.001,0.01), eps=1e-08",0.001,0.01,1e-08,reverse_eng,732039633375216,0.99962
"U(0.001,0.01), eps=1e-08",0.001,0.01,1e-08,reverse_eng,883024660159680,0.99962
"U(0.001,0.01), eps=1e-08",0.001,0.01,1e-08,reverse_eng,1065150730780802,0.99962
"U(0.001,0.01), eps=1e-08",0.001,0.01,1e-08,reverse_eng,1284840764331210,0.99962
"U(0.001,0.01), eps=1e-08",0.001,0.01,1e-08,binary_risk,856560509554,0.26675
"U(0.001,0.01), eps=1e-08",0.001,0.01,1e-08,binary_risk,1033228282146,0.29155
"U(0.001,0.01), eps=1e-08",0.001,0.01,1e-08,binary_risk,1246334229887,0.31957
"U(0.001,0.01), eps=1e-08",0.001,0.01,1e-08,binary_risk,1503393818606,0.34718
"U(0.001,0.01), eps=1e-08",0.001,0.01,1e-08,binary_risk,1813472597980,0.3779
"U(0.001,0.01), eps=1e-08",0.001,0.01,1e-08,binary_risk,2187505910242,0.41165
"U(0.001,0.01), eps=1e-08",0.001,0.01,1e-08,binary_risk,2638684539638,0.44627
"U(0.001,0.01), eps=1e-08",0.001,0.01,1e-08,binary_risk,3182919903037,0.48228
"U(0.001,0.01), eps=1e-08",0.001,0.01,1e-08,binary_risk,3839405187307,0.52205
"U(0.001,0.01), eps=1e-08",0.001,0.01,1e-08,binary_risk,4631292222671,0.5617
"U(0.001,0.01), eps=1e-08",0.001,0.01,1e-08,binary_risk,5586507962920,0.60283
"U(0.001,0.01), eps=1e-08",0.001,0.01,1e-08,binary_risk,6738739366737,0.64565
"U(0.001,0.01), eps=1e-08",0.001,0.01,1e-08,binary_risk,8128621413272,0.6874
"U(0.001,0.01), eps=1e-08",0.001,0.01,1e-08,binary_risk,9805170148953,0.7288
"U(0.001,0.01), eps=1e-08",0.001,0.01,1e-08,binary_risk,11827511303817,0.76875
"U(0.001,0.01), eps=1e-08",0.001,0.01,1e-08,binary_risk,14266965439335,0.8072
"U(0.001,0.01), eps=1e-08",0.001,0.01,1e-08,binary_risk,17209563163258,0.83688
"U(0.001,0.01), eps=1e-08",0.001,0.01,1e-08,binary_risk,20759079113881,0.86967
"U(0.001,0.01), eps=1e-08",0.001,0.01,1e-08,binary_risk,25040691711246,0.90233
"U(0.001,0.01), eps=1e-08",0.001,0.01,1e-08,binary_risk,30205397741290,0.9288
"U(0.001,0.01), eps=1e-08",0.001,0.01,1e-08,binary_risk,36435337459140,0.94898
"U(0.001,0.01), eps=1e-08",0.001,0.01,1e-08,binary_risk,43950218008441,0.96395
"U(0.001,0.01), eps=1e-08",0.001,0.01,1e-08,binary_risk,53015061687180,0.97815
"U(0.001,0.01), eps=1e-08",0.001,0.01,1e-08,binary_risk,63949552312931,0.98582
"U(0.001,0.01), eps=1e-08",0.001,0.01,1e-08,binary_risk,77139309299590,0.99215
"U(0.001,0.01), eps=1e-08",0.001,0.01,1e-08,binary_risk,93049487040969,0.99585
"U(0.001,0.01), eps=1e-08",0.001,0.01,1e-08,binary_risk,112241179201660,0.99808
"U(0.001,0.01), eps=1e-08",0.001,0.01,1e-08,binary_risk,135391206434402,0.99892
"U(0.001,0.01), eps=1e-08",0.001,0.01,1e-08,binary_risk,163315985364235,0.998
"U(0.001,0.01), eps=1e-08",0.001,0.01,1e-08,binary_risk,197000320611029,0.9988
"U(0.001,0.01), eps=1e-08",0.001,0.01,1e-08,binary_risk,237632135239512,0.99938
"U(0.001,0.01), eps=1e-08",0.001,0.01,1e-08,binary_risk,286644364452512,0.99948
"U(0.001,0.01), eps=1e-08",0.001,0.01,1e-08,binary_risk,345765489964437,0.99977
"U(0.001,0.01), eps=1e-08",0.001,0.01,1e-08,binary_risk,417080497217146,0.9999
"U(0.001,0.01), eps=1e-08",0.001,0.01,1e-08,binary_risk,503104405175871,0.99995
"U(0.001,0.01), eps=1e-08",0.001,0.01,1e-08,binary_risk,606870961831593,1.0
"U(0.001,0.01), eps=1e-08",0.001,0.01,1e-08,binary_risk,732039633375216,1.0
"U(0.001,0.01), eps=1e-08",0.001,0.01,1e-08,binary_risk,883024660159680,1.0
"U(0.001,0.01), eps=1e-08",0.001,0.01,1e-08,binary_risk,1065150730780802,1.0
"U(0.001,0.01), eps=1e-08",0.001,0.01,1e-08,binary_risk,1284840764331210,1.0
"U(0.001,0.01), eps=1e-08",0.001,0.01,1e-08,reverse_eng_risk,856560509554,0.27498
"U(0.001,0.01), eps=1e-08",0.001,0.01,1e-08,reverse_eng_risk,1033228282146,0.299
"U(0.001,0.01), eps=1e-08",0.001,0.01,1e-08,reverse_eng_risk,1246334229887,0.3251
"U(0.001,0.01), eps=1e-08",0.001,0.01,1e-08,reverse_eng_risk,1503393818606,0.35557
"U(0.001,0.01), eps=1e-08",0.001,0.01,1e-08,reverse_eng_risk,1813472597980,0.3875
"U(0.001,0.01), eps=1e-08",0.001,0.01,1e-08,reverse_eng_risk,2187505910242,0.41637
"U(0.001,0.01), eps=1e-08",0.001,0.01,1e-08,reverse_eng_risk,2638684539638,0.45098
"U(0.001,0.01), eps=1e-08",0.001,0.01,1e-08,reverse_eng_risk,3182919903037,0.4883
"U(0.001,0.01), eps=1e-08",0.001,0.01,1e-08,reverse_eng_risk,3839405187307,0.52695
"U(0.001,0.01), eps=1e-08",0.001,0.01,1e-08,reverse_eng_risk,4631292222671,0.5668
"U(0.001,0.01), eps=1e-08",0.001,0.01,1e-08,reverse_eng_risk,5586507962920,0.60595
"U(0.001,0.01), eps=1e-08",0.001,0.01,1e-08,reverse_eng_risk,6738739366737,0.64835
"U(0.001,0.01), eps=1e-08",0.001,0.01,1e-08,reverse_eng_risk,8128621413272,0.69175
"U(0.001,0.01), eps=1e-08",0.001,0.01,1e-08,reverse_eng_risk,9805170148953,0.73103
"U(0.001,0.01), eps=1e-08",0.001,0.01,1e-08,reverse_eng_risk,11827511303817,0.77
"U(0.001,0.01), eps=1e-08",0.001,0.01,1e-08,reverse_eng_risk,14266965439335,0.80705
"U(0.001,0.01), eps=1e-08",0.001,0.01,1e-08,reverse_eng_risk,17209563163258,0.84215
"U(0.001,0.01), eps=1e-08",0.001,0.01,1e-08,reverse_eng_risk,20759079113881,0.87352
"U(0.001,0.01), eps=1e-08",0.001,0.01,1e-08,reverse_eng_risk,25040691711246,0.90212
"U(0.001,0.01), eps=1e-08",0.001,0.01,1e-08,reverse_eng_risk,30205397741290,0.92765
"U(0.001,0.01), eps=1e-08",0.001,0.01,1e-08,reverse_eng_risk,36435337459140,0.94632
"U(0.001,0.01), eps=1e-08",0.001,0.01,1e-08,reverse_eng_risk,43950218008441,0.96352
"U(0.001,0.01), eps=1e-08",0.001,0.01,1e-08,reverse_eng_risk,53015061687180,0.97772
"U(0.001,0.01), eps=1e-08",0.001,0.01,1e-08,reverse_eng_risk,63949552312931,0.98665
"U(0.001,0.01), eps=1e-08",0.001,0.01,1e-08,reverse_eng_risk,77139309299590,0.99262
"U(0.001,0.01), eps=1e-08",0.001,0.01,1e-08,reverse_eng_risk,93049487040969,0.99645
"U(0.001,0.01), eps=1e-08",0.001,0.01,1e-08,reverse_eng_risk,112241179201660,0.99823
"U(0.001,0.01), eps=1e-08",0.001,0.01,1e-08,reverse_eng_risk,135391206434402,0.9992
"U(0.001,0.01), eps=1e-08",0.001,0.01,1e-08,reverse_eng_risk,163315985364235,0.99965
"U(0.001,0.01), eps=1e-08",0.001,0.01,1e-08,reverse_eng_risk,197000320611029,0.9998
"U(0.001,0.01), eps=1e-08",0.001,0.01,1e-08,reverse_eng_risk,237632135239512,0.99992
"U(0.001,0.01), eps=1e-08",0.001,0.01,1e-08,reverse_eng_risk,286644364452512,0.99995
"U(0.001,0.01), eps=1e-08",0.001,0.01,1e-08,reverse_eng_risk,345765489964437,0.99997
"U(0.001,0.01), eps=1e-08",0.001,0.01,1e-08,reverse_eng_risk,417080497217146,1.0
"U(0.001,0.01), eps=1e-08",0.001,0.01,1e-08,reverse_eng_risk,503104405175871,1.0
"U(0.001,0.01), eps=1e-08",0.001,0.01,1e-08,reverse_eng_risk,606870961831593,1.0
"U(0.001,0.01), eps=1e-08",0.001,0.01,1e-08,reverse_eng_risk,732039633375216,1.0
"U(0.001,0.01), eps=1e-08",0.001,0.01,1e-08,reverse_eng_risk,883024660159680,1.0
"U(0.001,0.01), eps=1e-08",0.001,0.01,1e-08,reverse_eng_risk,1065150730780802,1.0
"U(0.001,0.01), eps=1e-08",0.001,0.01,1e-08,reverse_eng_risk,1284840764331210,1.0
"U(0.001,0.1), eps=1e-04",0.001,0.1,0.0001,brute,89653,0.18252
"U(0.001,0.1), eps=1e-04",0.001,0.1,0.0001,brute,108144,0.20185
"U(0.001,0.1), eps=1e-04",0.001,0.1,0.0001,brute,130449,0.22065
"U(0.001,0.1), eps=1e-04",0.001,0.1,0.0001,brute,157355,0.2415
"U(0.001,0.1), eps=1e-04",0.001,0.1,0.0001,brute,189810,0.26267
"U(0.001,0.1), eps=1e-04",0.001,0.1,0.0001,brute,228958,0.28923
"U(0.001,0.1), eps=1e-04",0.001,0.1,0.0001,brute,276182,0.31535
"U(0.001,0.1), eps=1e-04",0.001,0.1,0.0001,brute,333145,0.34435
"U(0.001,0.1), eps=1e-04",0.001,0.1,0.0001,brute,401857,0.37575
"U(0.001,0.1), eps=1e-04",0.001,0.1,0.0001,brute,484741,0.41042
"U(0.001,0.1), eps=1e-04",0.001,0.1,0.0001,brute,584721,0.44612
"U(0.001,0.1), eps=1e-04",0.001,0.1,0.0001,brute,705321,0.48497
"U(0.001,0.1), eps=1e-04",0.001,0.1,0.0001,brute,850795,0.52502
"U(0.001,0.1), eps=1e-04",0.001,0.1,0.0001,brute,1026274,0.56735
"U(0.001,0.1), eps=1e-04",0.001,0.1,0.0001,brute,1237946,0.6117
"U(0.001,0.1), eps=1e-04",0.001,0.1,0.0001,brute,1493275,0.6573
"U(0.001,0.1), eps=1e-04",0.001,0.1,0.0001,brute,1801267,0.70235
"U(0.001,0.1), eps=1e-04",0.001,0.1,0.0001,brute,2172783,0.74703
"U(0.001,0.1), eps=1e-04",0.001,0.1,0.0001,brute,2620925,0.79268
"U(0.001,0.1), eps=1e-04",0.001,0.1,0.0001,brute,3161498,0.83368
"U(0.001,0.1), eps=1e-04",0.001,0.1,0.0001,brute,3813565,0.87055
"U(0.001,0.1), eps=1e-04",0.001,0.1,0.0001,brute,4600122,0.90317
"U(0.001,0.1), eps=1e-04",0.001,0.1,0.0001,brute,5548909,0.93242
"U(0.001,0.1), eps=1e-04",0.001,0.1,0.0001,brute,6693386,0.95452
"U(0.001,0.1), eps=1e-04",0.001,0.1,0.0001,brute,8073914,0.97155
"U(0.001,0.1), eps=1e-04",0.001,0.1,0.0001,brute,9739179,0.98385
"U(0.001,0.1), eps=1e-04",0.001,0.1,0.0001,brute,11747910,0.99247
"U(0.001,0.1), eps=1e-04",0.001,0.1,0.0001,brute,14170946,0.99672
"U(0.001,0.1), eps=1e-04",0.001,0.1,0.0001,brute,17093739,0.9988
"U(0.001,0.1), eps=1e-04",0.001,0.1,0.0001,brute,20619366,0.9997
"U(0.001,0.1), eps=1e-04",0.001,0.1,0.0001,brute,24872163,0.99992
"U(0.001,0.1), eps=1e-04",0.001,0.1,0.0001,brute,30002110,1.0
"U(0.001,0.1), eps=1e-04",0.001,0.1,0.0001,brute,36190121,1.0
"U(0.001,0.1), eps=1e-04",0.001,0.1,0.0001,brute,43654425,1.0
"U(0.001,0.1), eps=1e-04",0.001,0.1,0.0001,brute,52658261,1.0
"U(0.001,0.1), eps=1e-04",0.001,0.1,0.0001,brute,63519160,1.0
"U(0.001,0.1), eps=1e-04",0.001,0.1,0.0001,brute,76620148,1.0
"U(0.001,0.1), eps=1e-04",0.001,0.1,0.0001,brute,92423247,1.0
"U(0.001,0.1), eps=1e-04",0.001,0.1,0.0001,brute,111485776,1.0
"U(0.001,0.1), eps=1e-04",0.001,0.1,0.0001,brute,134480000,1.0
"U(0.001,0.1), eps=1e-04",0.001,0.1,0.0001,separable,89653,0.04765
"U(0.001,0.1), eps=1e-04",0.001,0.1,0.0001,separable,108144,0.05173
"U(0.001,0.1), eps=1e-04",0.001,0.1,0.0001,separable,130449,0.05677
"U(0.001,0.1), eps=1e-04",0.001,0.1,0.0001,separable,157355,0.06308
"U(0.001,0.1), eps=1e-04",0.001,0.1,0.0001,separable,189810,0.06845
"U(0.001,0.1), eps=1e-04",0.001,0.1,0.0001,separable,228958,0.07637
"U(0.001,0.1), eps=1e-04",0.001,0.1,0.0001,separable,276182,0.08367
"U(0.001,0.1), eps=1e-04",0.001,0.1,0.0001,separable,333145,0.09202
"U(0.001,0.1), eps=1e-04",0.001,0.1,0.0001,separable,401857,0.1023
"U(0.001,0.1), eps=1e-04",0.001,0.1,0.0001,separable,484741,0.11217
"U(0.001,0.1), eps=1e-04",0.001,0.1,0.0001,separable,584721,0.12187
"U(0.001,0.1), eps=1e-04",0.001,0.1,0.0001,separable,705321,0.13275
"U(0.001,0.1), eps=1e-04",0.001,0.1,0.0001,separable,850795,0.1457
"U(0.001,0.1), eps=1e-04",0.001,0.1,0.0001,separable,1026274,0.1598
"U(0.001,0.1), eps=1e-04",0.001,0.1,0.0001,separable,1237946,0.17577
"U(0.001,0.1), eps=1e-04",0.001,0.1,0.0001,separable,1493275,0.19278
"U(0.001,0.1), eps=1e-04",0.001,0.1,0.0001,separable,1801267,0.21115
"U(0.001,0.1), eps=1e-04",0.001,0.1,0.0001,separable,2172783,0.22987
"U(0.001,0.1), eps=1e-04",0.001,0.1,0.0001,separable,2620925,0.25185
"U(0.001,0.1), eps=1e-04",0.001,0.1,0.0001,separable,3161498,0.2787
"U(0.001,0.1), eps=1e-04",0.001,0.1,0.0001,separable,3813565,0.30365
"U(0.001,0.1), eps=1e-04",0.001,0.1,0.0001,separable,4600122,0.3324
"U(0.001,0.1), eps=1e-04",0.001,0.1,0.0001,separable,5548909,0.36107
"U(0.001,0.1), eps=1e-04",0.001,0.1,0.0001,separable,6693386,0.39445
"U(0.001,0.1), eps=1e-04",0.001,0.1,0.0001,separable,8073914,0.42945
"U(0.001,0.1), eps=1e-04",0.001,0.1,0.0001,separable,9739179,0.46795
"U(0.001,0.1), eps=1e-04",0.001,0.1,0.0001,separable,11747910,0.50735
"U(0.001,0.1), eps=1e-04",0.001,0.1,0.0001,separable,14170946,0.54748
"U(0.001,0.1), eps=1e-04",0.001,0.1,0.0001,separable,17093739,0.59218
"U(0.001,0.1), eps=1e-04",0.001,0.1,0.0001,separable,20619366,0.63713
"U(0.001,0.1), eps=1e-04",0.001,0.1,0.0001,separable,24872163,0.68188
"U(0.001,0.1), eps=1e-04",0.001,0.1,0.0001,separable,30002110,0.72705
"U(0.001,0.1), eps=1e-04",0.001,0.1,0.0001,separable,36190121,0.77243
"U(0.001,0.1), eps=1e-04",0.001,0.1,0.0001,separable,43654425,0.81688
"U(0.001,0.1), eps=1e-04",0.001,0.1,0.0001,separable,52658261,0.85503
"U(0.001,0.1), eps=1e-04",0.001,0.1,0.0001,separable,63519160,0.89082
"U(0.001,0.1), eps=1e-04",0.001,0.1,0.0001,separable,76620148,0.92085
"U(0.001,0.1), eps=1e-04",0.001,0.1,0.0001,separable,92423247,0.9456
"U(0.001,0.1), eps=1e-04",0.001,0.1,0.0001,separable,111485776,0.9646
"U(0.001,0.1), eps=1e-04",0.001,0.1,0.0001,separable,134480000,0.97942
"U(0.001,0.1), eps=1e-04",0.001,0.1,0.0001,linear,89653,0.20122
"U(0.001,0.1), eps=1e-04",0.001,0.1,0.0001,linear,108144,0.22607
"U(0.001,0.1), eps=1e-04",0.001,0.1,0.0001,linear,130449,0.24283
"U(0.001,0.1), eps=1e-04",0.001,0.1,0.0001,linear,157355,0.2803
"U(0.001,0.1), eps=1e-04",0.001,0.1,0.0001,linear,189810,0.30625
"U(0.001,0.1), eps=1e-04",0.001,0.1,0.0001,linear,228958,0.3376
"U(0.001,0.1), eps=1e-04",0.001,0.1,0.0001,linear,276182,0.37872
"U(0.001,0.1), eps=1e-04",0.001,0.1,0.0001,linear,333145,0.412
"U(0.001,0.1), eps=1e-04",0.001,0.1,0.0001,linear,401857,0.45067
"U(0.001,0.1), eps=1e-04",0.001,0.1,0.0001,linear,484741,0.48805
"U(0.001,0.1), eps=1e-04",0.001,0.1,0.0001,linear,584721,0.52628
"U(0.001,0.1), eps=1e-04",0.001,0.1,0.0001,linear,705321,0.56465
"U(0.001,0.1), eps=1e-04",0.001,0.1,0.0001,linear,850795,0.6154
"U(0.001,0.1), eps=1e-04",0.001,0.1,0.0001,linear,1026274,0.65797
"U(0.001,0.1), eps=1e-04",0.001,0.1,0.0001,linear,1237946,0.704
"U(0.001,0.1), eps=1e-04",0.001,0.1,0.0001,linear,1493275,0.74447
"U(0.001,0.1), eps=1e-04",0.001,0.1,0.0001,linear,1801267,0.78365
"U(0.001,0.1), eps=1e-04",0.001,0.1,0.0001,linear,2172783,0.8244
"U(0.001,0.1), eps=1e-04",0.001,0.1,0.0001,linear,2620925,0.86033
"U(0.001,0.1), eps=1e-04",0.001,0.1,0.0001,linear,3161498,0.88323
"U(0.001,0.1), eps=1e-04",0.001,0.1,0.0001,linear,3813565,0.91602
"U(0.001,0.1), eps=1e-04",0.001,0.1,0.0001,linear,4600122,0.93898
"U(0.001,0.1), eps=1e-04",0.001,0.1,0.0001,linear,5548909,0.95775
"U(0.001,0.1), eps=1e-04",0.001,0.1,0.0001,linear,6693386,0.96888
"U(0.001,0.1), eps=1e-04",0.001,0.1,0.0001,linear,8073914,0.98282
"U(0.001,0.1), eps=1e-04",0.001,0.1,0.0001,linear,9739179,0.98998
"U(0.001,0.1), eps=1e-04",0.001,0.1,0.0001,linear,11747910,0.9947
"U(0.001,0.1), eps=1e-04",0.001,0.1,0.0001,linear,14170946,0.99713
"U(0.001,0.1), eps=1e-04",0.001,0.1,0.0001,linear,17093739,0.99785
"U(0.001,0.1), eps=1e-04",0.001,0.1,0.0001,linear,20619366,0.99903
"U(0.001,0.1), eps=1e-04",0.001,0.1,0.0001,linear,24872163,0.99962
"U(0.001,0.1), eps=1e-04",0.001,0.1,0.0001,linear,30002110,0.99982
"U(0.001,0.1), eps=1e-04",0.001,0.1,0.0001,linear,36190121,0.99985
"U(0.001,0.1), eps=1e-04",0.001,0.1,0.0001,linear,43654425,0.99985
"U(0.001,0.1), eps=1e-04",0.001,0.1,0.0001,linear,52658261,0.99985
"U(0.001,0.1), eps=1e-04",0.001,0.1,0.0001,linear,63519160,0.99985
"U(0.001,0.1), eps=1e-04",0.001,0.1,0.0001,linear,76620148,0.99985
"U(0.001,0.1), eps=1e-04",0.001,0.1,0.0001,linear,92423247,0.99985
"U(0.001,0.1), eps=1e-04",0.001,0.1,0.0001,linear,111485776,0.99985
"U(0.001,0.1), eps=1e-04",0.001,0.1,0.0001,linear,134480000,0.99985
"U(0.001,0.1), eps=1e-04",0.001,0.1,0.0001,binary,89653,0.141
"U(0.001,0.1), eps=1e-04",0.001,0.1,0.0001,binary,108144,0.16068
"U(0.001,0.1), eps=1e-04",0.001,0.1,0.0001,binary,130449,0.1823
"U(0.001,0.1), eps=1e-04",0.001,0.1,0.0001,binary,157355,0.20503
"U(0.001,0.1), eps=1e-04",0.001,0.1,0.0001,binary,189810,0.22282
"U(0.001,0.1), eps=1e-04",0.001,0.1,0.0001,binary,228958,0.25898
"U(0.001,0.1), eps=1e-04",0.001,0.1,0.0001,binary,276182,0.2949
"U(0.001,0.1), eps=1e-04",0.001,0.1,0.0001,binary,333145,0.32593
"U(0.001,0.1), eps=1e-04",0.001,0.1,0.0001,binary,401857,0.36275
"U(0.001,0.1), eps=1e-04",0.001,0.1,0.0001,binary,484741,0.39977
"U(0.001,0.1), eps=1e-04",0.001,0.1,0.0001,binary,584721,0.43985
"U(0.001,0.1), eps=1e-04",0.001,0.1,0.0001,binary,705321,0.48378
"U(0.001,0.1), eps=1e-04",0.001,0.1,0.0001,binary,850795,0.52828
"U(0.001,0.1), eps=1e-04",0.001,0.1,0.0001,binary,1026274,0.57193
"U(0.001,0.1), eps=1e-04",0.001,0.1,0.0001,binary,1237946,0.61662
"U(0.001,0.1), eps=1e-04",0.001,0.1,0.0001,binary,1493275,0.66235
"U(0.001,0.1), eps=1e-04",0.001,0.1,0.0001,binary,1801267,0.71318
"U(0.001,0.1), eps=1e-04",0.001,0.1,0.0001,binary,2172783,0.75743
"U(0.001,0.1), eps=1e-04",0.001,0.1,0.0001,binary,2620925,0.7892
"U(0.001,0.1), eps=1e-04",0.001,0.1,0.0001,binary,3161498,0.83068
"U(0.001,0.1), eps=1e-04",0.001,0.1,0.0001,binary,3813565,0.86557
"U(0.001,0.1), eps=1e-04",0.001,0.1,0.0001,binary,4600122,0.88848
"U(0.001,0.1), eps=1e-04",0.001,0.1,0.0001,binary,5548909,0.9187
"U(0.001,0.1), eps=1e-04",0.001,0.1,0.0001,binary,6693386,0.93658
"U(0.001,0.1), eps=1e-04",0.001,0.1,0.0001,binary,8073914,0.95032
"U(0.001,0.1), eps=1e-04",0.001,0.1,0.0001,binary,9739179,0.9697
"U(0.001,0.1), eps=1e-04",0.001,0.1,0.0001,binary,11747910,0.98218
"U(0.001,0.1), eps=1e-04",0.001,0.1,0.0001,binary,14170946,0.98625
"U(0.001,0.1), eps=1e-04",0.001,0.1,0.0001,binary,17093739,0.9912
"U(0.001,0.1), eps=1e-04",0.001,0.1,0.0001,binary,20619366,0.99372
"U(0.001,0.1), eps=1e-04",0.001,0.1,0.0001,binary,24872163,0.99475
"U(0.001,0.1), eps=1e-04",0.001,0.1,0.0001,binary,30002110,0.99605
"U(0.001,0.1), eps=1e-04",0.001,0.1,0.0001,binary,36190121,0.9972
"U(0.001,0.1), eps=1e-04",0.001,0.1,0.0001,binary,43654425,0.99743
"U(0.001,0.1), eps=1e-04",0.001,0.1,0.0001,binary,52658261,0.99745
"U(0.001,0.1), eps=1e-04",0.001,0.1,0.0001,binary,63519160,0.99748
"U(0.001,0.1), eps=1e-04",0.001,0.1,0.0001,binary,76620148,0.99745
"U(0.001,0.1), eps=1e-04",0.001,0.1,0.0001,binary,92423247,0.99745
"U(0.001,0.1), eps=1e-04",0.001,0.1,0.0001,binary,111485776,0.99745
"U(0.001,0.1), eps=1e-04",0.001,0.1,0.0001,binary,134480000,0.99682
"U(0.001,0.1), eps=1e-04",0.001,0.1,0.0001,reverse_eng,89653,0.26388
"U(0.001,0.1), eps=1e-04",0.001,0.1,0.0001,reverse_eng,108144,0.28368
"U(0.001,0.1), eps=1e-04",0.001,0.1,0.0001,reverse_eng,130449,0.31855
"U(0.001,0.1), eps=1e-04",0.001,0.1,0.0001,reverse_eng,157355,0.34932
"U(0.001,0.1), eps=1e-04",0.001,0.1,0.0001,reverse_eng,189810,0.3829
"U(0.001,0.1), eps=1e-04",0.001,0.1,0.0001,reverse_eng,228958,0.40642
"U(0.001,0.1), eps=1e-04",0.001,0.1,0.0001,reverse_eng,276182,0.44605
"U(0.001,0.1), eps=1e-04",0.001,0.1,0.0001,reverse_eng,333145,0.48128
"U(0.001,0.1), eps=1e-04",0.001,0.1,0.0001,reverse_eng,401857,0.51562
"U(0.001,0.1), eps=1e-04",0.001,0.1,0.0001,reverse_eng,484741,0.55435
"U(0.001,0.1), eps=1e-04",0.001,0.1,0.0001,reverse_eng,584721,0.59542
"U(0.001,0.1), eps=1e-04",0.001,0.1,0.0001,reverse_eng,705321,0.6355
"U(0.001,0.1), eps=1e-04",0.001,0.1,0.0001,reverse_eng,850795,0.67515
"U(0.001,0.1), eps=1e-04",0.001,0.1,0.0001,reverse_eng,1026274,0.7153
"U(0.001,0.1), eps=1e-04",0.001,0.1,0.0001,reverse_eng,1237946,0.74992
"U(0.001,0.1), eps=1e-04",0.001,0.1,0.0001,reverse_eng,1493275,0.78622
"U(0.001,0.1), eps=1e-04",0.001,0.1,0.0001,reverse_eng,1801267,0.81893
"U(0.001,0.1), eps=1e-04",0.001,0.1,0.0001,reverse_eng,2172783,0.85337
"U(0.001,0.1), eps=1e-04",0.001,0.1,0.0001,reverse_eng,2620925,0.88548
"U(0.001,0.1), eps=1e-04",0.001,0.1,0.0001,reverse_eng,3161498,0.9114
"U(0.001,0.1), eps=1e-04",0.001,0.1,0.0001,reverse_eng,3813565,0.93105
"U(0.001,0.1), eps=1e-04",0.001,0.1,0.0001,reverse_eng,4600122,0.95035
"U(0.001,0.1), eps=1e-04",0.001,0.1,0.0001,reverse_eng,5548909,0.96425
"U(0.001,0.1), eps=1e-04",0.001,0.1,0.0001,reverse_eng,6693386,0.97767
"U(0.001,0.1), eps=1e-04",0.001,0.1,0.0001,reverse_eng,8073914,0.98367
"U(0.001,0.1), eps=1e-04",0.001,0.1,0.0001,reverse_eng,9739179,0.99172
"U(0.001,0.1), eps=1e-04",0.001,0.1,0.0001,reverse_eng,11747910,0.99452
"U(0.001,0.1), eps=1e-04",0.001,0.1,0.0001,reverse_eng,14170946,0.99615
"U(0.001,0.1), eps=1e-04",0.001,0.1,0.0001,reverse_eng,17093739,0.99857
"U(0.001,0.1), eps=1e-04",0.001,0.1,0.0001,reverse_eng,20619366,0.99938
"U(0.001,0.1), eps=1e-04",0.001,0.1,0.0001,reverse_eng,24872163,0.99965
"U(0.001,0.1), eps=1e-04",0.001,0.1,0.0001,reverse_eng,30002110,0.99972
"U(0.001,0.1), eps=1e-04",0.001,0.1,0.0001,reverse_eng,36190121,0.99972
"U(0.001,0.1), eps=1e-04",0.001,0.1,0.0001,reverse_eng,43654425,0.99972
"U(0.001,0.1), eps=1e-04",0.001,0.1,0.0001,reverse_eng,52658261,0.99972
"U(0.001,0.1), eps=1e-04",0.001,0.1,0.0001,reverse_eng,63519160,0.99972
"U(0.001,0.1), eps=1e-04",0.001,0.1,0.0001,reverse_eng,76620148,0.99972
"U(0.001,0.1), eps=1e-04",0.001,0.1,0.0001,reverse_eng,92423247,0.99972
"U(0.001,0.1), eps=1e-04",0.001,0.1,0.0001,reverse_eng,111485776,0.99972
"U(0.001,0.1), eps=1e-04",0.001,0.1,0.0001,reverse_eng,134480000,0.99972
"U(0.001,0.1), eps=1e-04",0.001,0.1,0.0001,binary_risk,89653,0.28182
"U(0.001,0.1), eps=1e-04",0.001,0.1,0.0001,binary_risk,108144,0.30883
"U(0.001,0.1), eps=1e-04",0.001,0.1,0.0001,binary_risk,130449,0.33475
"U(0.001,0.1), eps=1e-04",0.001,0.1,0.0001,binary_risk,157355,0.3693
"U(0.001,0.1), eps=1e-04",0.001,0.1,0.0001,binary_risk,189810,0.40525
"U(0.001,0.1), eps=1e-04",0.001,0.1,0.0001,binary_risk,228958,0.44198
"U(0.001,0.1), eps=1e-04",0.001,0.1,0.0001,binary_risk,276182,0.47323
"U(0.001,0.1), eps=1e-04",0.001,0.1,0.0001,binary_risk,333145,0.5118
"U(0.001,0.1), eps=1e-04",0.001,0.1,0.0001,binary_risk,401857,0.5499
"U(0.001,0.1), eps=1e-04",0.001,0.1,0.0001,binary_risk,484741,0.58752
"U(0.001,0.1), eps=1e-04",0.001,0.1,0.0001,binary_risk,584721,0.6272
"U(0.001,0.1), eps=1e-04",0.001,0.1,0.0001,binary_risk,705321,0.6676
"U(0.001,0.1), eps=1e-04",0.001,0.1,0.0001,binary_risk,850795,0.70655
"U(0.001,0.1), eps=1e-04",0.001,0.1,0.0001,binary_risk,1026274,0.74435
"U(0.001,0.1), eps=1e-04",0.001,0.1,0.0001,binary_risk,1237946,0.78565
"U(0.001,0.1), eps=1e-04",0.001,0.1,0.0001,binary_risk,1493275,0.82075
"U(0.001,0.1), eps=1e-04",0.001,0.1,0.0001,binary_risk,1801267,0.85377
"U(0.001,0.1), eps=1e-04",0.001,0.1,0.0001,binary_risk,2172783,0.88502
"U(0.001,0.1), eps=1e-04",0.001,0.1,0.0001,binary_risk,2620925,0.90915
"U(0.001,0.1), eps=1e-04",0.001,0.1,0.0001,binary_risk,3161498,0.93183
"U(0.001,0.1), eps=1e-04",0.001,0.1,0.0001,binary_risk,3813565,0.95098
"U(0.001,0.1), eps=1e-04",0.001,0.1,0.0001,binary_risk,4600122,0.96665
"U(0.001,0.1), eps=1e-04",0.001,0.1,0.0001,binary_risk,5548909,0.97813
"U(0.001,0.1), eps=1e-04",0.001,0.1,0.0001,binary_risk,6693386,0.98693
"U(0.001,0.1), eps=1e-04",0.001,0.1,0.0001,binary_risk,8073914,0.99235
"U(0.001,0.1), eps=1e-04",0.001,0.1,0.0001,binary_risk,9739179,0.99613
"U(0.001,0.1), eps=1e-04",0.001,0.1,0.0001,binary_risk,11747910,0.99557
"U(0.001,0.1), eps=1e-04",0.001,0.1,0.0001,binary_risk,14170946,0.99928
"U(0.001,0.1), eps=1e-04",0.001,0.1,0.0001,binary_risk,17093739,0.9981
"U(0.001,0.1), eps=1e-04",0.001,0.1,0.0001,binary_risk,20619366,0.99928
"U(0.001,0.1), eps=1e-04",0.001,0.1,0.0001,binary_risk,24872163,0.99957
"U(0.001,0.1), eps=1e-04",0.001,0.1,0.0001,binary_risk,30002110,0.9997
"U(0.001,0.1), eps=1e-04",0.001,0.1,0.0001,binary_risk,36190121,0.99992
"U(0.001,0.1), eps=1e-04",0.001,0.1,0.0001,binary_risk,43654425,0.99997
"U(0.001,0.1), eps=1e-04",0.001,0.1,0.0001,binary_risk,52658261,1.0
"U(0.001,0.1), eps=1e-04",0.001,0.1,0.0001,binary_risk,63519160,1.0
"U(0.001,0.1), eps=1e-04",0.001,0.1,0.0001,binary_risk,76620148,1.0
"U(0.001,0.1), eps=1e-04",0.001,0.1,0.0001,binary_risk,92423247,1.0
"U(0.001,0.1), eps=1e-04",0.001,0.1,0.0001,binary_risk,111485776,1.0
"U(0.001,0.1), eps=1e-04",0.001,0.1,0.0001,binary_risk,134480000,1.0
"U(0.001,0.1), eps=1e-04",0.001,0.1,0.0001,reverse_eng_risk,89653,0.2742
"U(0.001,0.1), eps=1e-04",0.001,0.1,0.0001,reverse_eng_risk,108144,0.3083
"U(0.001,0.1), eps=1e-04",0.001,0.1,0.0001,reverse_eng_risk,130449,0.33565
"U(0.001,0.1), eps=1e-04",0.001,0.1,0.0001,reverse_eng_risk,157355,0.3723
"U(0.001,0.1), eps=1e-04",0.001,0.1,0.0001,reverse_eng_risk,189810,0.4055
"U(0.001,0.1), eps=1e-04",0.001,0.1,0.0001,reverse_eng_risk,228958,0.4421
"U(0.001,0.1), eps=1e-04",0.001,0.1,0.0001,reverse_eng_risk,276182,0.4729
"U(0.001,0.1), eps=1e-04",0.001,0.1,0.0001,reverse_eng_risk,333145,0.51362
"U(0.001,0.1), eps=1e-04",0.001,0.1,0.0001,reverse_eng_risk,401857,0.55092
"U(0.001,0.1), eps=1e-04",0.001,0.1,0.0001,reverse_eng_risk,484741,0.58813
"U(0.001,0.1), eps=1e-04",0.001,0.1,0.0001,reverse_eng_risk,584721,0.6283
"U(0.001,0.1), eps=1e-04",0.001,0.1,0.0001,reverse_eng_risk,705321,0.66683
"U(0.001,0.1), eps=1e-04",0.001,0.1,0.0001,reverse_eng_risk,850795,0.70805
"U(0.001,0.1), eps=1e-04",0.001,0.1,0.0001,reverse_eng_risk,1026274,0.74377
"U(0.001,0.1), eps=1e-04",0.001,0.1,0.0001,reverse_eng_risk,1237946,0.78612
"U(0.001,0.1), eps=1e-04",0.001,0.1,0.0001,reverse_eng_risk,1493275,0.82158
"U(0.001,0.1), eps=1e-04",0.001,0.1,0.0001,reverse_eng_risk,1801267,0.8527
"U(0.001,0.1), eps=1e-04",0.001,0.1,0.0001,reverse_eng_risk,2172783,0.88328
"U(0.001,0.1), eps=1e-04",0.001,0.1,0.0001,reverse_eng_risk,2620925,0.9113
"U(0.001,0.1), eps=1e-04",0.001,0.1,0.0001,reverse_eng_risk,3161498,0.93212
"U(0.001,0.1), eps=1e-04",0.001,0.1,0.0001,reverse_eng_risk,3813565,0.95115
"U(0.001,0.1), eps=1e-04",0.001,0.1,0.0001,reverse_eng_risk,4600122,0.96793
"U(0.001,0.1), eps=1e-04",0.001,0.1,0.0001,reverse_eng_risk,5548909,0.97855
"U(0.001,0.1), eps=1e-04",0.001,0.1,0.0001,reverse_eng_risk,6693386,0.98777
"U(0.001,0.1), eps=1e-04",0.001,0.1,0.0001,reverse_eng_risk,8073914,0.99335
"U(0.001,0.1), eps=1e-04",0.001,0.1,0.0001,reverse_eng_risk,9739179,0.9964
"U(0.001,0.1), eps=1e-04",0.001,0.1,0.0001,reverse_eng_risk,11747910,0.99815
"U(0.001,0.1), eps=1e-04",0.001,0.1,0.0001,reverse_eng_risk,14170946,0.99903
"U(0.001,0.1), eps=1e-04",0.001,0.1,0.0001,reverse_eng_risk,17093739,0.99975
"U(0.001,0.1), eps=1e-04",0.001,0.1,0.0001,reverse_eng_risk,20619366,0.99987
"U(0.001,0.1), eps=1e-04",0.001,0.1,0.0001,reverse_eng_risk,24872163,0.99995
"U(0.001,0.1), eps=1e-04",0.001,0.1,0.0001,reverse_eng_risk,30002110,0.99992
"U(0.001,0.1), eps=1e-04",0.001,0.1,0.0001,reverse_eng_risk,36190121,0.99997
"U(0.001,0.1), eps=1e-04",0.001,0.1,0.0001,reverse_eng_risk,43654425,1.0
"U(0.001,0.1), eps=1e-04",0.001,0.1,0.0001,reverse_eng_risk,52658261,1.0
"U(0.001,0.1), eps=1e-04",0.001,0.1,0.0001,reverse_eng_risk,63519160,1.0
"U(0.001,0.1), eps=1e-04",0.001,0.1,0.0001,reverse_eng_risk,76620148,1.0
"U(0.001,0.1), eps=1e-04",0.001,0.1,0.0001,reverse_eng_risk,92423247,1.0
"U(0.001,0.1), eps=1e-04",0.001,0.1,0.0001,reverse_eng_risk,111485776,1.0
"U(0.001,0.1), eps=1e-04",0.001,0.1,0.0001,reverse_eng_risk,134480000,1.0
"U(0.001,0.1), eps=1e-06",0.001,0.1,1e-06,brute,896533333,0.18482
"U(0.001,0.1), eps=1e-06",0.001,0.1,1e-06,brute,1081445601,0.20233
"U(0.001,0.1), eps=1e-06",0.001,0.1,1e-06,brute,1304496493,0.22175
"U(0.001,0.1), eps=1e-06",0.001,0.1,1e-06,brute,1573552196,0.24255
"U(0.001,0.1), eps=1e-06",0.001,0.1,1e-06,brute,1898101319,0.2651
"U(0.001,0.1), eps=1e-06",0.001,0.1,1e-06,brute,2289589519,0.29175
"U(0.001,0.1), eps=1e-06",0.001,0.1,1e-06,brute,2761823151,0.31755
"U(0.001,0.1), eps=1e-06",0.001,0.1,1e-06,brute,3331456165,0.34635
"U(0.001,0.1), eps=1e-06",0.001,0.1,1e-06,brute,4018577429,0.37717
"U(0.001,0.1), eps=1e-06",0.001,0.1,1e-06,brute,4847419193,0.41137
"U(0.001,0.1), eps=1e-06",0.001,0.1,1e-06,brute,5847211667,0.44722
"U(0.001,0.1), eps=1e-06",0.001,0.1,1e-06,brute,7053213870,0.48578
"U(0.001,0.1), eps=1e-06",0.001,0.1,1e-06,brute,8507957079,0.52548
"U(0.001,0.1), eps=1e-06",0.001,0.1,1e-06,brute,10262744755,0.5669
"U(0.001,0.1), eps=1e-06",0.001,0.1,1e-06,brute,12379461831,0.61185
"U(0.001,0.1), eps=1e-06",0.001,0.1,1e-06,brute,14932757159,0.65877
"U(0.001,0.1), eps=1e-06",0.001,0.1,1e-06,brute,18012676110,0.70357
"U(0.001,0.1), eps=1e-06",0.001,0.1,1e-06,brute,21727836139,0.7477
"U(0.001,0.1), eps=1e-06",0.001,0.1,1e-06,brute,26209257324,0.7928
"U(0.001,0.1), eps=1e-06",0.001,0.1,1e-06,brute,31614982969,0.83413
"U(0.001,0.1), eps=1e-06",0.001,0.1,1e-06,brute,38135653207,0.87143
"U(0.001,0.1), eps=1e-06",0.001,0.1,1e-06,brute,46001228182,0.90445
"U(0.001,0.1), eps=1e-06",0.001,0.1,1e-06,brute,55489097899,0.93315
"U(0.001,0.1), eps=1e-06",0.001,0.1,1e-06,brute,66933864754,0.95465
"U(0.001,0.1), eps=1e-06",0.001,0.1,1e-06,brute,80739143733,0.9717
"U(0.001,0.1), eps=1e-06",0.001,0.1,1e-06,brute,97391796436,0.9838
"U(0.001,0.1), eps=1e-06",0.001,0.1,1e-06,brute,117479100897,0.9924
"U(0.001,0.1), eps=1e-06",0.001,0.1,1e-06,brute,141709462734,0.99672
"U(0.001,0.1), eps=1e-06",0.001,0.1,1e-06,brute,170937398014,0.99875
"U(0.001,0.1), eps=1e-06",0.001,0.1,1e-06,brute,206193668906,0.99972
"U(0.001,0.1), eps=1e-06",0.001,0.1,1e-06,brute,248721634884,0.99992
"U(0.001,0.1), eps=1e-06",0.001,0.1,1e-06,brute,300021101460,1.0
"U(0.001,0.1), eps=1e-06",0.001,0.1,1e-06,brute,361901212829,1.0
"U(0.001,0.1), eps=1e-06",0.001,0.1,1e-06,brute,436544253753,1.0
"U(0.001,0.1), eps=1e-06",0.001,0.1,1e-06,brute,526582610750,1.0
"U(0.001,0.1), eps=1e-06",0.001,0.1,1e-06,brute,635191606717,1.0
"U(0.001,0.1), eps=1e-06",0.001,0.1,1e-06,brute,766201482932,1.0
"U(0.001,0.1), eps=1e-06",0.001,0.1,1e-06,brute,924232477633,1.0
"U(0.001,0.1), eps=1e-06",0.001,0.1,1e-06,brute,1114857764883,1.0
"U(0.001,0.1), eps=1e-06",0.001,0.1,1e-06,brute,1344800000000,1.0
"U(0.001,0.1), eps=1e-06",0.001,0.1,1e-06,separable,896533333,0.04838
"U(0.001,0.1), eps=1e-06",0.001,0.1,1e-06,separable,1081445601,0.05382
"U(0.001,0.1), eps=1e-06",0.001,0.1,1e-06,separable,1304496493,0.05897
"U(0.001,0.1), eps=1e-06",0.001,0.1,1e-06,separable,1573552196,0.0649
"U(0.001,0.1), eps=1e-06",0.001,0.1,1e-06,separable,1898101319,0.07128
"U(0.001,0.1), eps=1e-06",0.001,0.1,1e-06,separable,2289589519,0.0786
"U(0.001,0.1), eps=1e-06",0.001,0.1,1e-06,separable,2761823151,0.08603
"U(0.001,0.1), eps=1e-06",0.001,0.1,1e-06,separable,3331456165,0.0952
"U(0.001,0.1), eps=1e-06",0.001,0.1,1e-06,separable,4018577429,0.10385
"U(0.001,0.1), eps=1e-06",0.001,0.1,1e-06,separable,4847419193,0.11388
"U(0.001,0.1), eps=1e-06",0.001,0.1,1e-06,separable,5847211667,0.12448
"U(0.001,0.1), eps=1e-06",0.001,0.1,1e-06,separable,7053213870,0.1364
"U(0.001,0.1), eps=1e-06",0.001,0.1,1e-06,separable,8507957079,0.14825
"U(0.001,0.1), eps=1e-06",0.001,0.1,1e-06,separable,10262744755,0.16278
"U(0.001,0.1), eps=1e-06",0.001,0.1,1e-06,separable,12379461831,0.17795
"U(0.001,0.1), eps=1e-06",0.001,0.1,1e-06,separable,14932757159,0.19505
"U(0.001,0.1), eps=1e-06",0.001,0.1,1e-06,separable,18012676110,0.21318
"U(0.001,0.1), eps=1e-06",0.001,0.1,1e-06,separable,21727836139,0.23333
"U(0.001,0.1), eps=1e-06",0.001,0.1,1e-06,separable,26209257324,0.25435
"U(0.001,0.1), eps=1e-06",0.001,0.1,1e-06,separable,31614982969,0.27963
"U(0.001,0.1), eps=1e-06",0.001,0.1,1e-06,separable,38135653207,0.3059
"U(0.001,0.1), eps=1e-06",0.001,0.1,1e-06,separable,46001228182,0.33398
"U(0.001,0.1), eps=1e-06",0.001,0.1,1e-06,separable,55489097899,0.36355
"U(0.001,0.1), eps=1e-06",0.001,0.1,1e-06,separable,66933864754,0.39637
"U(0.001,0.1), eps=1e-06",0.001,0.1,1e-06,separable,80739143733,0.43047
"U(0.001,0.1), eps=1e-06",0.001,0.1,1e-06,separable,97391796436,0.46792
"U(0.001,0.1), eps=1e-06",0.001,0.1,1e-06,separable,117479100897,0.50818
"U(0.001,0.1), eps=1e-06",0.001,0.1,1e-06,separable,141709462734,0.54807
"U(0.001,0.1), eps=1e-06",0.001,0.1,1e-06,separable,170937398014,0.59235
"U(0.001,0.1), eps=1e-06",0.001,0.1,1e-06,separable,206193668906,0.63813
"U(0.001,0.1), eps=1e-06",0.001,0.1,1e-06,separable,248721634884,0.6831
"U(0.001,0.1), eps=1e-06",0.001,0.1,1e-06,separable,300021101460,0.72825
"U(0.001,0.1), eps=1e-06",0.001,0.1,1e-06,separable,361901212829,0.77345
"U(0.001,0.1), eps=1e-06",0.001,0.1,1e-06,separable,436544253753,0.81737
"U(0.001,0.1), eps=1e-06",0.001,0.1,1e-06,separable,526582610750,0.85533
"U(0.001,0.1), eps=1e-06",0.001,0.1,1e-06,separable,635191606717,0.89128
"U(0.001,0.1), eps=1e-06",0.001,0.1,1e-06,separable,766201482932,0.92097
"U(0.001,0.1), eps=1e-06",0.001,0.1,1e-06,separable,924232477633,0.946
"U(0.001,0.1), eps=1e-06",0.001,0.1,1e-06,separable,1114857764883,0.9649
"U(0.001,0.1), eps=1e-06",0.001,0.1,1e-06,separable,1344800000000,0.97942
"U(0.001,0.1), eps=1e-06",0.001,0.1,1e-06,linear,896533333,0.26293
"U(0.001,0.1), eps=1e-06",0.001,0.1,1e-06,linear,1081445601,0.28765
"U(0.001,0.1), eps=1e-06",0.001,0.1,1e-06,linear,1304496493,0.31322
"U(0.001,0.1), eps=1e-06",0.001,0.1,1e-06,linear,1573552196,0.33645
"U(0.001,0.1), eps=1e-06",0.001,0.1,1e-06,linear,1898101319,0.36823
"U(0.001,0.1), eps=1e-06",0.001,0.1,1e-06,linear,2289589519,0.40135
"U(0.001,0.1), eps=1e-06",0.001,0.1,1e-06,linear,2761823151,0.43715
"U(0.001,0.1), eps=1e-06",0.001,0.1,1e-06,linear,3331456165,0.47402
"U(0.001,0.1), eps=1e-06",0.001,0.1,1e-06,linear,4018577429,0.51023
"U(0.001,0.1), eps=1e-06",0.001,0.1,1e-06,linear,4847419193,0.5463
"U(0.001,0.1), eps=1e-06",0.001,0.1,1e-06,linear,5847211667,0.5847
"U(0.001,0.1), eps=1e-06",0.001,0.1,1e-06,linear,7053213870,0.6277
"U(0.001,0.1), eps=1e-06",0.001,0.1,1e-06,linear,8507957079,0.6642
"U(0.001,0.1), eps=1e-06",0.001,0.1,1e-06,linear,10262744755,0.70455
"U(0.001,0.1), eps=1e-06",0.001,0.1,1e-06,linear,12379461831,0.7469
"U(0.001,0.1), eps=1e-06",0.001,0.1,1e-06,linear,14932757159,0.78543
"U(0.001,0.1), eps=1e-06",0.001,0.1,1e-06,linear,18012676110,0.82025
"U(0.001,0.1), eps=1e-06",0.001,0.1,1e-06,linear,21727836139,0.8516
"U(0.001,0.1), eps=1e-06",0.001,0.1,1e-06,linear,26209257324,0.88265
"U(0.001,0.1), eps=1e-06",0.001,0.1,1e-06,linear,31614982969,0.91078
"U(0.001,0.1), eps=1e-06",0.001,0.1,1e-06,linear,38135653207,0.93412
"U(0.001,0.1), eps=1e-06",0.001,0.1,1e-06,linear,46001228182,0.95057
"U(0.001,0.1), eps=1e-06",0.001,0.1,1e-06,linear,55489097899,0.97018
"U(0.001,0.1), eps=1e-06",0.001,0.1,1e-06,linear,66933864754,0.97772
"U(0.001,0.1), eps=1e-06",0.001,0.1,1e-06,linear,80739143733,0.989
"U(0.001,0.1), eps=1e-06",0.001,0.1,1e-06,linear,97391796436,0.99438
"U(0.001,0.1), eps=1e-06",0.001,0.1,1e-06,linear,117479100897,0.99692
"U(0.001,0.1), eps=1e-06",0.001,0.1,1e-06,linear,141709462734,0.9985
"U(0.001,0.1), eps=1e-06",0.001,0.1,1e-06,linear,170937398014,0.99903
"U(0.001,0.1), eps=1e-06",0.001,0.1,1e-06,linear,206193668906,0.999
"U(0.001,0.1), eps=1e-06",0.001,0.1,1e-06,linear,248721634884,0.99962
"U(0.001,0.1), eps=1e-06",0.001,0.1,1e-06,linear,300021101460,0.99982
"U(0.001,0.1), eps=1e-06",0.001,0.1,1e-06,linear,361901212829,0.99985
"U(0.001,0.1), eps=1e-06",0.001,0.1,1e-06,linear,436544253753,0.99985
"U(0.001,0.1), eps=1e-06",0.001,0.1,1e-06,linear,526582610750,0.99985
"U(0.001,0.1), eps=1e-06",0.001,0.1,1e-06,linear,635191606717,0.99985
"U(0.001,0.1), eps=1e-06",0.001,0.1,1e-06,linear,766201482932,0.99985
"U(0.001,0.1), eps=1e-06",0.001,0.1,1e-06,linear,924232477633,0.99985
"U(0.001,0.1), eps=1e-06",0.001,0.1,1e-06,linear,1114857764883,0.99985
"U(0.001,0.1), eps=1e-06",0.001,0.1,1e-06,linear,1344800000000,0.99985
"U(0.001,0.1), eps=1e-06",0.001,0.1,1e-06,binary,896533333,0.28485
"U(0.001,0.1), eps=1e-06",0.001,0.1,1e-06,binary,1081445601,0.3114
"U(0.001,0.1), eps=1e-06",0.001,0.1,1e-06,binary,1304496493,0.34337
"U(0.001,0.1), eps=1e-06",0.001,0.1,1e-06,binary,1573552196,0.37325
"U(0.001,0.1), eps=1e-06",0.001,0.1,1e-06,binary,1898101319,0.40365
"U(0.001,0.1), eps=1e-06",0.001,0.1,1e-06,binary,2289589519,0.43645
"U(0.001,0.1), eps=1e-06",0.001,0.1,1e-06,binary,2761823151,0.46213
"U(0.001,0.1), eps=1e-06",0.001,0.1,1e-06,binary,3331456165,0.50795
"U(0.001,0.1), eps=1e-06",0.001,0.1,1e-06,binary,4018577429,0.54338
"U(0.001,0.1), eps=1e-06",0.001,0.1,1e-06,binary,4847419193,0.57847
"U(0.001,0.1), eps=1e-06",0.001,0.1,1e-06,binary,5847211667,0.6144
"U(0.001,0.1), eps=1e-06",0.001,0.1,1e-06,binary,7053213870,0.65253
"U(0.001,0.1), eps=1e-06",0.001,0.1,1e-06,binary,8507957079,0.69147
"U(0.001,0.1), eps=1e-06",0.001,0.1,1e-06,binary,10262744755,0.73118
"U(0.001,0.1), eps=1e-06",0.001,0.1,1e-06,binary,12379461831,0.76892
"U(0.001,0.1), eps=1e-06",0.001,0.1,1e-06,binary,14932757159,0.80405
"U(0.001,0.1), eps=1e-06",0.001,0.1,1e-06,binary,18012676110,0.8375
"U(0.001,0.1), eps=1e-06",0.001,0.1,1e-06,binary,21727836139,0.87152
"U(0.001,0.1), eps=1e-06",0.001,0.1,1e-06,binary,26209257324,0.90045
"U(0.001,0.1), eps=1e-06",0.001,0.1,1e-06,binary,31614982969,0.925
"U(0.001,0.1), eps=1e-06",0.001,0.1,1e-06,binary,38135653207,0.94555
"U(0.001,0.1), eps=1e-06",0.001,0.1,1e-06,binary,46001228182,0.95847
"U(0.001,0.1), eps=1e-06",0.001,0.1,1e-06,binary,55489097899,0.97425
"U(0.001,0.1), eps=1e-06",0.001,0.1,1e-06,binary,66933864754,0.9839
"U(0.001,0.1), eps=1e-06",0.001,0.1,1e-06,binary,80739143733,0.9877
"U(0.001,0.1), eps=1e-06",0.001,0.1,1e-06,binary,97391796436,0.9937
"U(0.001,0.1), eps=1e-06",0.001,0.1,1e-06,binary,117479100897,0.99652
"U(0.001,0.1), eps=1e-06",0.001,0.1,1e-06,binary,141709462734,0.998
"U(0.001,0.1), eps=1e-06",0.001,0.1,1e-06,binary,170937398014,0.99877
"U(0.001,0.1), eps=1e-06",0.001,0.1,1e-06,binary,206193668906,0.99938
"U(0.001,0.1), eps=1e-06",0.001,0.1,1e-06,binary,248721634884,0.9988
"U(0.001,0.1), eps=1e-06",0.001,0.1,1e-06,binary,300021101460,0.99882
"U(0.001,0.1), eps=1e-06",0.001,0.1,1e-06,binary,361901212829,0.99885
"U(0.001,0.1), eps=1e-06",0.001,0.1,1e-06,binary,436544253753,0.99885
"U(0.001,0.1), eps=1e-06",0.001,0.1,1e-06,binary,526582610750,0.99885
"U(0.001,0.1), eps=1e-06",0.001,0.1,1e-06,binary,635191606717,0.99885
"U(0.001,0.1), eps=1e-06",0.001,0.1,1e-06,binary,766201482932,0.99885
"U(0.001,0.1), eps=1e-06",0.001,0.1,1e-06,binary,924232477633,0.99885
"U(0.001,0.1), eps=1e-06",0.001,0.1,1e-06,binary,1114857764883,0.99885
"U(0.001,0.1), eps=1e-06",0.001,0.1,1e-06,binary,1344800000000,0.99885
"U(0.001,0.1), eps=1e-06",0.001,0.1,1e-06,reverse_eng,896533333,0.30967
"U(0.001,0.1), eps=1e-06",0.001,0.1,1e-06,reverse_eng,1081445601,0.33627
"U(0.001,0.1), eps=1e-06",0.001,0.1,1e-06,reverse_eng,1304496493,0.3633
"U(0.001,0.1), eps=1e-06",0.001,0.1,1e-06,reverse_eng,1573552196,0.3911
"U(0.001,0.1), eps=1e-06",0.001,0.1,1e-06,reverse_eng,1898101319,0.42368
"U(0.001,0.1), eps=1e-06",0.001,0.1,1e-06,reverse_eng,2289589519,0.45585
"U(0.001,0.1), eps=1e-06",0.001,0.1,1e-06,reverse_eng,2761823151,0.48807
"U(0.001,0.1), eps=1e-06",0.001,0.1,1e-06,reverse_eng,3331456165,0.52353
"U(0.001,0.1), eps=1e-06",0.001,0.1,1e-06,reverse_eng,4018577429,0.55995
"U(0.001,0.1), eps=1e-06",0.001,0.1,1e-06,reverse_eng,4847419193,0.59647
"U(0.001,0.1), eps=1e-06",0.001,0.1,1e-06,reverse_eng,5847211667,0.63515
"U(0.001,0.1), eps=1e-06",0.001,0.1,1e-06,reverse_eng,7053213870,0.67265
"U(0.001,0.1), eps=1e-06",0.001,0.1,1e-06,reverse_eng,8507957079,0.71425
"U(0.001,0.1), eps=1e-06",0.001,0.1,1e-06,reverse_eng,10262744755,0.74672
"U(0.001,0.1), eps=1e-06",0.001,0.1,1e-06,reverse_eng,12379461831,0.7828
"U(0.001,0.1), eps=1e-06",0.001,0.1,1e-06,reverse_eng,14932757159,0.81907
"U(0.001,0.1), eps=1e-06",0.001,0.1,1e-06,reverse_eng,18012676110,0.85108
"U(0.001,0.1), eps=1e-06",0.001,0.1,1e-06,reverse_eng,21727836139,0.87887
"U(0.001,0.1), eps=1e-06",0.001,0.1,1e-06,reverse_eng,26209257324,0.90112
"U(0.001,0.1), eps=1e-06",0.001,0.1,1e-06,reverse_eng,31614982969,0.92917
"U(0.001,0.1), eps=1e-06",0.001,0.1,1e-06,reverse_eng,38135653207,0.94322
"U(0.001,0.1), eps=1e-06",0.001,0.1,1e-06,reverse_eng,46001228182,0.95952
"U(0.001,0.1), eps=1e-06",0.001,0.1,1e-06,reverse_eng,55489097899,0.9762
"U(0.001,0.1), eps=1e-06",0.001,0.1,1e-06,reverse_eng,66933864754,0.9801
"U(0.001,0.1), eps=1e-06",0.001,0.1,1e-06,reverse_eng,80739143733,0.98728
"U(0.001,0.1), eps=1e-06",0.001,0.1,1e-06,reverse_eng,97391796436,0.99247
"U(0.001,0.1), eps=1e-06",0.001,0.1,1e-06,reverse_eng,117479100897,0.99748
"U(0.001,0.1), eps=1e-06",0.001,0.1,1e-06,reverse_eng,141709462734,0.99852
"U(0.001,0.1), eps=1e-06",0.001,0.1,1e-06,reverse_eng,170937398014,0.9992
"U(0.001,0.1), eps=1e-06",0.001,0.1,1e-06,reverse_eng,206193668906,0.99943
"U(0.001,0.1), eps=1e-06",0.001,0.1,1e-06,reverse_eng,248721634884,0.99962
"U(0.001,0.1), eps=1e-06",0.001,0.1,1e-06,reverse_eng,300021101460,0.99967
"U(0.001,0.1), eps=1e-06",0.001,0.1,1e-06,reverse_eng,361901212829,0.99967
"U(0.001,0.1), eps=1e-06",0.001,0.1,1e-06,reverse_eng,436544253753,0.99967
"U(0.001,0.1), eps=1e-06",0.001,0.1,1e-06,reverse_eng,526582610750,0.99967
"U(0.001,0.1), eps=1e-06",0.001,0.1,1e-06,reverse_eng,635191606717,0.99967
"U(0.001,0.1), eps=1e-06",0.001,0.1,1e-06,reverse_eng,766201482932,0.99967
"U(0.001,0.1), eps=1e-06",0.001,0.1,1e-06,reverse_eng,924232477633,0.99967
"U(0.001,0.1), eps=1e-06",0.001,0.1,1e-06,reverse_eng,1114857764883,0.99967
"U(0.001,0.1), eps=1e-06",0.001,0.1,1e-06,reverse_eng,1344800000000,0.99967
"U(0.001,0.1), eps=1e-06",0.001,0.1,1e-06,binary_risk,896533333,0.30843
"U(0.001,0.1), eps=1e-06",0.001,0.1,1e-06,binary_risk,1081445601,0.33345
"U(0.001,0.1), eps=1e-06",0.001,0.1,1e-06,binary_risk,1304496493,0.36373
"U(0.001,0.1), eps=1e-06",0.001,0.1,1e-06,binary_risk,1573552196,0.39308
"U(0.001,0.1), eps=1e-06",0.001,0.1,1e-06,binary_risk,1898101319,0.42573
"U(0.001,0.1), eps=1e-06",0.001,0.1,1e-06,binary_risk,2289589519,0.45743
"U(0.001,0.1), eps=1e-06",0.001,0.1,1e-06,binary_risk,2761823151,0.49295
"U(0.001,0.1), eps=1e-06",0.001,0.1,1e-06,binary_risk,3331456165,0.5289
"U(0.001,0.1), eps=1e-06",0.001,0.1,1e-06,binary_risk,4018577429,0.56585
"U(0.001,0.1), eps=1e-06",0.001,0.1,1e-06,binary_risk,4847419193,0.6005
"U(0.001,0.1), eps=1e-06",0.001,0.1,1e-06,binary_risk,5847211667,0.6377
"U(0.001,0.1), eps=1e-06",0.001,0.1,1e-06,binary_risk,7053213870,0.67845
"U(0.001,0.1), eps=1e-06",0.001,0.1,1e-06,binary_risk,8507957079,0.7165
"U(0.001,0.1), eps=1e-06",0.001,0.1,1e-06,binary_risk,10262744755,0.7546
"U(0.001,0.1), eps=1e-06",0.001,0.1,1e-06,binary_risk,12379461831,0.79007
"U(0.001,0.1), eps=1e-06",0.001,0.1,1e-06,binary_risk,14932757159,0.82498
"U(0.001,0.1), eps=1e-06",0.001,0.1,1e-06,binary_risk,18012676110,0.8609
"U(0.001,0.1), eps=1e-06",0.001,0.1,1e-06,binary_risk,21727836139,0.88872
"U(0.001,0.1), eps=1e-06",0.001,0.1,1e-06,binary_risk,26209257324,0.91592
"U(0.001,0.1), eps=1e-06",0.001,0.1,1e-06,binary_risk,31614982969,0.93812
"U(0.001,0.1), eps=1e-06",0.001,0.1,1e-06,binary_risk,38135653207,0.95647
"U(0.001,0.1), eps=1e-06",0.001,0.1,1e-06,binary_risk,46001228182,0.96975
"U(0.001,0.1), eps=1e-06",0.001,0.1,1e-06,binary_risk,55489097899,0.98133
"U(0.001,0.1), eps=1e-06",0.001,0.1,1e-06,binary_risk,66933864754,0.98887
"U(0.001,0.1), eps=1e-06",0.001,0.1,1e-06,binary_risk,80739143733,0.99138
"U(0.001,0.1), eps=1e-06",0.001,0.1,1e-06,binary_risk,97391796436,0.99423
"U(0.001,0.1), eps=1e-06",0.001,0.1,1e-06,binary_risk,117479100897,0.998
"U(0.001,0.1), eps=1e-06",0.001,0.1,1e-06,binary_risk,141709462734,0.99905
"U(0.001,0.1), eps=1e-06",0.001,0.1,1e-06,binary_risk,170937398014,0.99972
"U(0.001,0.1), eps=1e-06",0.001,0.1,1e-06,binary_risk,206193668906,0.99923
"U(0.001,0.1), eps=1e-06",0.001,0.1,1e-06,binary_risk,248721634884,0.99957
"U(0.001,0.1), eps=1e-06",0.001,0.1,1e-06,binary_risk,300021101460,0.99967
"U(0.001,0.1), eps=1e-06",0.001,0.1,1e-06,binary_risk,361901212829,0.99992
"U(0.001,0.1), eps=1e-06",0.001,0.1,1e-06,binary_risk,436544253753,0.99997
"U(0.001,0.1), eps=1e-06",0.001,0.1,1e-06,binary_risk,526582610750,1.0
"U(0.001,0.1), eps=1e-06",0.001,0.1,1e-06,binary_risk,635191606717,1.0
"U(0.001,0.1), eps=1e-06",0.001,0.1,1e-06,binary_risk,766201482932,1.0
"U(0.001,0.1), eps=1e-06",0.001,0.1,1e-06,binary_risk,924232477633,1.0
"U(0.001,0.1), eps=1e-06",0.001,0.1,1e-06,binary_risk,1114857764883,1.0
"U(0.001,0.1), eps=1e-06",0.001,0.1,1e-06,binary_risk,1344800000000,1.0
"U(0.001,0.1), eps=1e-06",0.001,0.1,1e-06,reverse_eng_risk,896533333,0.31705
"U(0.001,0.1), eps=1e-06",0.001,0.1,1e-06,reverse_eng_risk,1081445601,0.34423
"U(0.001,0.1), eps=1e-06",0.001,0.1,1e-06,reverse_eng_risk,1304496493,0.3728
"U(0.001,0.1), eps=1e-06",0.001,0.1,1e-06,reverse_eng_risk,1573552196,0.402
"U(0.001,0.1), eps=1e-06",0.001,0.1,1e-06,reverse_eng_risk,1898101319,0.43395
"U(0.001,0.1), eps=1e-06",0.001,0.1,1e-06,reverse_eng_risk,2289589519,0.4656
"U(0.001,0.1), eps=1e-06",0.001,0.1,1e-06,reverse_eng_risk,2761823151,0.50092
"U(0.001,0.1), eps=1e-06",0.001,0.1,1e-06,reverse_eng_risk,3331456165,0.53687
"U(0.001,0.1), eps=1e-06",0.001,0.1,1e-06,reverse_eng_risk,4018577429,0.57312
"U(0.001,0.1), eps=1e-06",0.001,0.1,1e-06,reverse_eng_risk,4847419193,0.6102
"U(0.001,0.1), eps=1e-06",0.001,0.1,1e-06,reverse_eng_risk,5847211667,0.64853
"U(0.001,0.1), eps=1e-06",0.001,0.1,1e-06,reverse_eng_risk,7053213870,0.68015
"U(0.001,0.1), eps=1e-06",0.001,0.1,1e-06,reverse_eng_risk,8507957079,0.72293
"U(0.001,0.1), eps=1e-06",0.001,0.1,1e-06,reverse_eng_risk,10262744755,0.7588
"U(0.001,0.1), eps=1e-06",0.001,0.1,1e-06,reverse_eng_risk,12379461831,0.7953
"U(0.001,0.1), eps=1e-06",0.001,0.1,1e-06,reverse_eng_risk,14932757159,0.82837
"U(0.001,0.1), eps=1e-06",0.001,0.1,1e-06,reverse_eng_risk,18012676110,0.85852
"U(0.001,0.1), eps=1e-06",0.001,0.1,1e-06,reverse_eng_risk,21727836139,0.88992
"U(0.001,0.1), eps=1e-06",0.001,0.1,1e-06,reverse_eng_risk,26209257324,0.9128
"U(0.001,0.1), eps=1e-06",0.001,0.1,1e-06,reverse_eng_risk,31614982969,0.93493
"U(0.001,0.1), eps=1e-06",0.001,0.1,1e-06,reverse_eng_risk,38135653207,0.95308
"U(0.001,0.1), eps=1e-06",0.001,0.1,1e-06,reverse_eng_risk,46001228182,0.96878
"U(0.001,0.1), eps=1e-06",0.001,0.1,1e-06,reverse_eng_risk,55489097899,0.9804
"U(0.001,0.1), eps=1e-06",0.001,0.1,1e-06,reverse_eng_risk,66933864754,0.98828
"U(0.001,0.1), eps=1e-06",0.001,0.1,1e-06,reverse_eng_risk,80739143733,0.9936
"U(0.001,0.1), eps=1e-06",0.001,0.1,1e-06,reverse_eng_risk,97391796436,0.99695
"U(0.001,0.1), eps=1e-06",0.001,0.1,1e-06,reverse_eng_risk,117479100897,0.99833
"U(0.001,0.1), eps=1e-06",0.001,0.1,1e-06,reverse_eng_risk,141709462734,0.99925
"U(0.001,0.1), eps=1e-06",0.001,0.1,1e-06,reverse_eng_risk,170937398014,0.99965
"U(0.001,0.1), eps=1e-06",0.001,0.1,1e-06,reverse_eng_risk,206193668906,0.99982
"U(0.001,0.1), eps=1e-06",0.001,0.1,1e-06,reverse_eng_risk,248721634884,0.99992
"U(0.001,0.1), eps=1e-06",0.001,0.1,1e-06,reverse_eng_risk,300021101460,0.99995
"U(0.001,0.1), eps=1e-06",0.001,0.1,1e-06,reverse_eng_risk,361901212829,0.99997
"U(0.001,0.1), eps=1e-06",0.001,0.1,1e-06,reverse_eng_risk,436544253753,1.0
"U(0.001,0.1), eps=1e-06",0.001,0.1,1e-06,reverse_eng_risk,526582610750,1.0
"U(0.001,0.1), eps=1e-06",0.001,0.1,1e-06,reverse_eng_risk,635191606717,1.0
"U(0.001,0.1), eps=1e-06",0.001,0.1,1e-06,reverse_eng_risk,766201482932,1.0
"U(0.001,0.1), eps=1e-06",0.001,0.1,1e-06,reverse_eng_risk,924232477633,1.0
"U(0.001,0.1), eps=1e-06",0.001,0.1,1e-06,reverse_eng_risk,1114857764883,1.0
"U(0.001,0.1), eps=1e-06",0.001,0.1,1e-06,reverse_eng_risk,1344800000000,1.0
"U(0.0001,0.1), eps=1e-04",0.0001,0.1,0.0001,brute,89653,0.18285
"U(0.0001,0.1), eps=1e-04",0.0001,0.1,0.0001,brute,108144,0.20075
"U(0.0001,0.1), eps=1e-04",0.0001,0.1,0.0001,brute,130449,0.21882
"U(0.0001,0.1), eps=1e-04",0.0001,0.1,0.0001,brute,157355,0.24033
"U(0.0001,0.1), eps=1e-04",0.0001,0.1,0.0001,brute,189810,0.2627
"U(0.0001,0.1), eps=1e-04",0.0001,0.1,0.0001,brute,228958,0.28792
"U(0.0001,0.1), eps=1e-04",0.0001,0.1,0.0001,brute,276182,0.31467
"U(0.0001,0.1), eps=1e-04",0.0001,0.1,0.0001,brute,333145,0.34325
"U(0.0001,0.1), eps=1e-04",0.0001,0.1,0.0001,brute,401857,0.37493
"U(0.0001,0.1), eps=1e-04",0.0001,0.1,0.0001,brute,484741,0.40897
"U(0.0001,0.1), eps=1e-04",0.0001,0.1,0.0001,brute,584721,0.4455
"U(0.0001,0.1), eps=1e-04",0.0001,0.1,0.0001,brute,705321,0.48375
"U(0.0001,0.1), eps=1e-04",0.0001,0.1,0.0001,brute,850795,0.52328
"U(0.0001,0.1), eps=1e-04",0.0001,0.1,0.0001,brute,1026274,0.56655
"U(0.0001,0.1), eps=1e-04",0.0001,0.1,0.0001,brute,1237946,0.61087
"U(0.0001,0.1), eps=1e-04",0.0001,0.1,0.0001,brute,1493275,0.65773
"U(0.0001,0.1), eps=1e-04",0.0001,0.1,0.0001,brute,1801267,0.70185
"U(0.0001,0.1), eps=1e-04",0.0001,0.1,0.0001,brute,2172783,0.747
"U(0.0001,0.1), eps=1e-04",0.0001,0.1,0.0001,brute,2620925,0.7928
"U(0.0001,0.1), eps=1e-04",0.0001,0.1,0.0001,brute,3161498,0.8327
"U(0.0001,0.1), eps=1e-04",0.0001,0.1,0.0001,brute,3813565,0.87008
"U(0.0001,0.1), eps=1e-04",0.0001,0.1,0.0001,brute,4600122,0.90307
"U(0.0001,0.1), eps=1e-04",0.0001,0.1,0.0001,brute,5548909,0.932
"U(0.0001,0.1), eps=1e-04",0.0001,0.1,0.0001,brute,6693386,0.9542
"U(0.0001,0.1), eps=1e-04",0.0001,0.1,0.0001,brute,8073914,0.97162
"U(0.0001,0.1), eps=1e-04",0.0001,0.1,0.0001,brute,9739179,0.984
"U(0.0001,0.1), eps=1e-04",0.0001,0.1,0.0001,brute,11747910,0.99247
"U(0.0001,0.1), eps=1e-04",0.0001,0.1,0.0001,brute,14170946,0.9968
"U(0.0001,0.1), eps=1e-04",0.0001,0.1,0.0001,brute,17093739,0.99882
"U(0.0001,0.1), eps=1e-04",0.0001,0.1,0.0001,brute,20619366,0.9997
"U(0.0001,0.1), eps=1e-04",0.0001,0.1,0.0001,brute,24872163,0.99992
"U(0.0001,0.1), eps=1e-04",0.0001,0.1,0.0001,brute,30002110,1.0
"U(0.0001,0.1), eps=1e-04",0.0001,0.1,0.0001,brute,36190121,1.0
"U(0.0001,0.1), eps=1e-04",0.0001,0.1,0.0001,brute,43654425,1.0
"U(0.0001,0.1), eps=1e-04",0.0001,0.1,0.0001,brute,52658261,1.0
"U(0.0001,0.1), eps=1e-04",0.0001,0.1,0.0001,brute,63519160,1.0
"U(0.0001,0.1), eps=1e-04",0.0001,0.1,0.0001,brute,76620148,1.0
"U(0.0001,0.1), eps=1e-04",0.0001,0.1,0.0001,brute,92423247,1.0
"U(0.0001,0.1), eps=1e-04",0.0001,0.1,0.0001,brute,111485776,1.0
"U(0.0001,0.1), eps=1e-04",0.0001,0.1,0.0001,brute,134480000,1.0
"U(0.0001,0.1), eps=1e-04",0.0001,0.1,0.0001,separable,89653,0.04815
"U(0.0001,0.1), eps=1e-04",0.0001,0.1,0.0001,separable,108144,0.05175
"U(0.0001,0.1), eps=1e-04",0.0001,0.1,0.0001,separable,130449,0.0557
"U(0.0001,0.1), eps=1e-04",0.0001,0.1,0.0001,separable,157355,0.06105
"U(0.0001,0.1), eps=1e-04",0.0001,0.1,0.0001,separable,189810,0.06828
"U(0.0001,0.1), eps=1e-04",0.0001,0.1,0.0001,separable,228958,0.07552
"U(0.0001,0.1), eps=1e-04",0.0001,0.1,0.0001,separable,276182,0.0831
"U(0.0001,0.1), eps=1e-04",0.0001,0.1,0.0001,separable,333145,0.09225
"U(0.0001,0.1), eps=1e-04",0.0001,0.1,0.0001,separable,401857,0.10212
"U(0.0001,0.1), eps=1e-04",0.0001,0.1,0.0001,separable,484741,0.11105
"U(0.0001,0.1), eps=1e-04",0.0001,0.1,0.0001,separable,584721,0.121
"U(0.0001,0.1), eps=1e-04",0.0001,0.1,0.0001,separable,705321,0.13335
"U(0.0001,0.1), eps=1e-04",0.0001,0.1,0.0001,separable,850795,0.14552
"U(0.0001,0.1), eps=1e-04",0.0001,0.1,0.0001,separable,1026274,0.1581
"U(0.0001,0.1), eps=1e-04",0.0001,0.1,0.0001,separable,1237946,0.17433
"U(0.0001,0.1), eps=1e-04",0.0001,0.1,0.0001,separable,1493275,0.19203
"U(0.0001,0.1), eps=1e-04",0.0001,0.1,0.0001,separable,1801267,0.20983
"U(0.0001,0.1), eps=1e-04",0.0001,0.1,0.0001,separable,2172783,0.22948
"U(0.0001,0.1), eps=1e-04",0.0001,0.1,0.0001,separable,2620925,0.25125
"U(0.0001,0.1), eps=1e-04",0.0001,0.1,0.0001,separable,3161498,0.27615
"U(0.0001,0.1), eps=1e-04",0.0001,0.1,0.0001,separable,3813565,0.30352
"U(0.0001,0.1), eps=1e-04",0.0001,0.1,0.0001,separable,4600122,0.33055
"U(0.0001,0.1), eps=1e-04",0.0001,0.1,0.0001,separable,5548909,0.3606
"U(0.0001,0.1), eps=1e-04",0.0001,0.1,0.0001,separable,6693386,0.39358
"U(0.0001,0.1), eps=1e-04",0.0001,0.1,0.0001,separable,8073914,0.42835
"U(0.0001,0.1), eps=1e-04",0.0001,0.1,0.0001,separable,9739179,0.4666
"U(0.0001,0.1), eps=1e-04",0.0001,0.1,0.0001,separable,11747910,0.50667
"U(0.0001,0.1), eps=1e-04",0.0001,0.1,0.0001,separable,14170946,0.54715
"U(0.0001,0.1), eps=1e-04",0.0001,0.1,0.0001,separable,17093739,0.59165
"U(0.0001,0.1), eps=1e-04",0.0001,0.1,0.0001,separable,20619366,0.63667
"U(0.0001,0.1), eps=1e-04",0.0001,0.1,0.0001,separable,24872163,0.68232
"U(0.0001,0.1), eps=1e-04",0.0001,0.1,0.0001,separable,30002110,0.72737
"U(0.0001,0.1), eps=1e-04",0.0001,0.1,0.0001,separable,36190121,0.77302
"U(0.0001,0.1), eps=1e-04",0.0001,0.1,0.0001,separable,43654425,0.81678
"U(0.0001,0.1), eps=1e-04",0.0001,0.1,0.0001,separable,52658261,0.85482
"U(0.0001,0.1), eps=1e-04",0.0001,0.1,0.0001,separable,63519160,0.8901
"U(0.0001,0.1), eps=1e-04",0.0001,0.1,0.0001,separable,76620148,0.92045
"U(0.0001,0.1), eps=1e-04",0.0001,0.1,0.0001,separable,92423247,0.94542
"U(0.0001,0.1), eps=1e-04",0.0001,0.1,0.0001,separable,111485776,0.96435
"U(0.0001,0.1), eps=1e-04",0.0001,0.1,0.0001,separable,134480000,0.97928
"U(0.0001,0.1), eps=1e-04",0.0001,0.1,0.0001,linear,89653,0.20345
"U(0.0001,0.1), eps=1e-04",0.0001,0.1,0.0001,linear,108144,0.23655
"U(0.0001,0.1), eps=1e-04",0.0001,0.1,0.0001,linear,130449,0.25888
"U(0.0001,0.1), eps=1e-04",0.0001,0.1,0.0001,linear,157355,0.28808
"U(0.0001,0.1), eps=1e-04",0.0001,0.1,0.0001,linear,189810,0.31345
"U(0.0001,0.1), eps=1e-04",0.0001,0.1,0.0001,linear,228958,0.34792
"U(0.0001,0.1), eps=1e-04",0.0001,0.1,0.0001,linear,276182,0.38212
"U(0.0001,0.1), eps=1e-04",0.0001,0.1,0.0001,linear,333145,0.4169
"U(0.0001,0.1), eps=1e-04",0.0001,0.1,0.0001,linear,401857,0.45305
"U(0.0001,0.1), eps=1e-04",0.0001,0.1,0.0001,linear,484741,0.49165
"U(0.0001,0.1), eps=1e-04",0.0001,0.1,0.0001,linear,584721,0.5291
"U(0.0001,0.1), eps=1e-04",0.0001,0.1,0.0001,linear,705321,0.57642
"U(0.0001,0.1), eps=1e-04",0.0001,0.1,0.0001,linear,850795,0.62
"U(0.0001,0.1), eps=1e-04",0.0001,0.1,0.0001,linear,1026274,0.6538
"U(0.0001,0.1), eps=1e-04",0.0001,0.1,0.0001,linear,1237946,0.7061
"U(0.0001,0.1), eps=1e-04",0.0001,0.1,0.0001,linear,1493275,0.74875
"U(0.0001,0.1), eps=1e-04",0.0001,0.1,0.0001,linear,1801267,0.78645
"U(0.0001,0.1), eps=1e-04",0.0001,0.1,0.0001,linear,2172783,0.82573
"U(0.0001,0.1), eps=1e-04",0.0001,0.1,0.0001,linear,2620925,0.86098
"U(0.0001,0.1), eps=1e-04",0.0001,0.1,0.0001,linear,3161498,0.89025
"U(0.0001,0.1), eps=1e-04",0.0001,0.1,0.0001,linear,3813565,0.9152
"U(0.0001,0.1), eps=1e-04",0.0001,0.1,0.0001,linear,4600122,0.9366
"U(0.0001,0.1), eps=1e-04",0.0001,0.1,0.0001,linear,5548909,0.95857
"U(0.0001,0.1), eps=1e-04",0.0001,0.1,0.0001,linear,6693386,0.9659
"U(0.0001,0.1), eps=1e-04",0.0001,0.1,0.0001,linear,8073914,0.98337
"U(0.0001,0.1), eps=1e-04",0.0001,0.1,0.0001,linear,9739179,0.99018
"U(0.0001,0.1), eps=1e-04",0.0001,0.1,0.0001,linear,11747910,0.99498
"U(0.0001,0.1), eps=1e-04",0.0001,0.1,0.0001,linear,14170946,0.99738
"U(0.0001,0.1), eps=1e-04",0.0001,0.1,0.0001,linear,17093739,0.998
"U(0.0001,0.1), eps=1e-04",0.0001,0.1,0.0001,linear,20619366,0.99913
"U(0.0001,0.1), eps=1e-04",0.0001,0.1,0.0001,linear,24872163,0.99962
"U(0.0001,0.1), eps=1e-04",0.0001,0.1,0.0001,linear,30002110,0.99982
"U(0.0001,0.1), eps=1e-04",0.0001,0.1,0.0001,linear,36190121,0.99985
"U(0.0001,0.1), eps=1e-04",0.0001,0.1,0.0001,linear,43654425,0.99985
"U(0.0001,0.1), eps=1e-04",0.0001,0.1,0.0001,linear,52658261,0.99985
"U(0.0001,0.1), eps=1e-04",0.0001,0.1,0.0001,linear,63519160,0.99985
"U(0.0001,0.1), eps=1e-04",0.0001,0.1,0.0001,linear,76620148,0.99985
"U(0.0001,0.1), eps=1e-04",0.0001,0.1,0.0001,linear,92423247,0.99985
"U(0.0001,0.1), eps=1e-04",0.0001,0.1,0.0001,linear,111485776,0.99985
"U(0.0001,0.1), eps=1e-04",0.0001,0.1,0.0001,linear,134480000,0.99985
"U(0.0001,0.1), eps=1e-04",0.0001,0.1,0.0001,binary,89653,0.00158
"U(0.0001,0.1), eps=1e-04",0.0001,0.1,0.0001,binary,108144,0.00153
"U(0.0001,0.1), eps=1e-04",0.0001,0.1,0.0001,binary,130449,0.00153
"U(0.0001,0.1), eps=1e-04",0.0001,0.1,0.0001,binary,157355,0.00155
"U(0.0001,0.1), eps=1e-04",0.0001,0.1,0.0001,binary,189810,0.0015
"U(0.0001,0.1), eps=1e-04",0.0001,0.1,0.0001,binary,228958,0.00155
"U(0.0001,0.1), eps=1e-04",0.0001,0.1,0.0001,binary,276182,0.0015
"U(0.0001,0.1), eps=1e-04",0.0001,0.1,0.0001,binary,333145,0.069
"U(0.0001,0.1), eps=1e-04",0.0001,0.1,0.0001,binary,401857,0.167
"U(0.0001,0.1), eps=1e-04",0.0001,0.1,0.0001,binary,484741,0.237
"U(0.0001,0.1), eps=1e-04",0.0001,0.1,0.0001,binary,584721,0.29523
"U(0.0001,0.1), eps=1e-04",0.0001,0.1,0.0001,binary,705321,0.3467
"U(0.0001,0.1), eps=1e-04",0.0001,0.1,0.0001,binary,850795,0.39853
"U(0.0001,0.1), eps=1e-04",0.0001,0.1,0.0001,binary,1026274,0.44805
"U(0.0001,0.1), eps=1e-04",0.0001,0.1,0.0001,binary,1237946,0.49575
"U(0.0001,0.1), eps=1e-04",0.0001,0.1,0.0001,binary,1493275,0.54078
"U(0.0001,0.1), eps=1e-04",0.0001,0.1,0.0001,binary,1801267,0.57483
"U(0.0001,0.1), eps=1e-04",0.0001,0.1,0.0001,binary,2172783,0.63335
"U(0.0001,0.1), eps=1e-04",0.0001,0.1,0.0001,binary,2620925,0.6802
"U(0.0001,0.1), eps=1e-04",0.0001,0.1,0.0001,binary,3161498,0.7234
"U(0.0001,0.1), eps=1e-04",0.0001,0.1,0.0001,binary,3813565,0.7508
"U(0.0001,0.1), eps=1e-04",0.0001,0.1,0.0001,binary,4600122,0.79975
"U(0.0001,0.1), eps=1e-04",0.0001,0.1,0.0001,binary,5548909,0.8368
"U(0.0001,0.1), eps=1e-04",0.0001,0.1,0.0001,binary,6693386,0.86743
"U(0.0001,0.1), eps=1e-04",0.0001,0.1,0.0001,binary,8073914,0.89412
"U(0.0001,0.1), eps=1e-04",0.0001,0.1,0.0001,binary,9739179,0.91025
"U(0.0001,0.1), eps=1e-04",0.0001,0.1,0.0001,binary,11747910,0.92995
"U(0.0001,0.1), eps=1e-04",0.0001,0.1,0.0001,binary,14170946,0.9407
"U(0.0001,0.1), eps=1e-04",0.0001,0.1,0.0001,binary,17093739,0.95525
"U(0.0001,0.1), eps=1e-04",0.0001,0.1,0.0001,binary,20619366,0.96262
"U(0.0001,0.1), eps=1e-04",0.0001,0.1,0.0001,binary,24872163,0.96808
"U(0.0001,0.1), eps=1e-04",0.0001,0.1,0.0001,binary,30002110,0.96945
"U(0.0001,0.1), eps=1e-04",0.0001,0.1,0.0001,binary,36190121,0.97845
"U(0.0001,0.1), eps=1e-04",0.0001,0.1,0.0001,binary,43654425,0.9797
"U(0.0001,0.1), eps=1e-04",0.0001,0.1,0.0001,binary,52658261,0.98482
"U(0.0001,0.1), eps=1e-04",0.0001,0.1,0.0001,binary,63519160,0.987
"U(0.0001,0.1), eps=1e-04",0.0001,0.1,0.0001,binary,76620148,0.98803
"U(0.0001,0.1), eps=1e-04",0.0001,0.1,0.0001,binary,92423247,0.99067
"U(0.0001,0.1), eps=1e-04",0.0001,0.1,0.0001,binary,111485776,0.99087
"U(0.0001,0.1), eps=1e-04",0.0001,0.1,0.0001,binary,134480000,0.99272
"U(0.0001,0.1), eps=1e-04",0.0001,0.1,0.0001,reverse_eng,89653,0.26703
"U(0.0001,0.1), eps=1e-04",0.0001,0.1,0.0001,reverse_eng,108144,0.29087
"U(0.0001,0.1), eps=1e-04",0.0001,0.1,0.0001,reverse_eng,130449,0.31378
"U(0.0001,0.1), eps=1e-04",0.0001,0.1,0.0001,reverse_eng,157355,0.35168
"U(0.0001,0.1), eps=1e-04",0.0001,0.1,0.0001,reverse_eng,189810,0.38172
"U(0.0001,0.1), eps=1e-04",0.0001,0.1,0.0001,reverse_eng,228958,0.41352
"U(0.0001,0.1), eps=1e-04",0.0001,0.1,0.0001,reverse_eng,276182,0.44695
"U(0.0001,0.1), eps=1e-04",0.0001,0.1,0.0001,reverse_eng,333145,0.4788
"U(0.0001,0.1), eps=1e-04",0.0001,0.1,0.0001,reverse_eng,401857,0.5202
"U(0.0001,0.1), eps=1e-04",0.0001,0.1,0.0001,reverse_eng,484741,0.55505
"U(0.0001,0.1), eps=1e-04",0.0001,0.1,0.0001,reverse_eng,584721,0.59735
"U(0.0001,0.1), eps=1e-04",0.0001,0.1,0.0001,reverse_eng,705321,0.63602
"U(0.0001,0.1), eps=1e-04",0.0001,0.1,0.0001,reverse_eng,850795,0.67102
"U(0.0001,0.1), eps=1e-04",0.0001,0.1,0.0001,reverse_eng,1026274,0.71093
"U(0.0001,0.1), eps=1e-04",0.0001,0.1,0.0001,reverse_eng,1237946,0.74995
"U(0.0001,0.1), eps=1e-04",0.0001,0.1,0.0001,reverse_eng,1493275,0.7849
"U(0.0001,0.1), eps=1e-04",0.0001,0.1,0.0001,reverse_eng,1801267,0.8202
"U(0.0001,0.1), eps=1e-04",0.0001,0.1,0.0001,reverse_eng,2172783,0.851
"U(0.0001,0.1), eps=1e-04",0.0001,0.1,0.0001,reverse_eng,2620925,0.88077
"U(0.0001,0.1), eps=1e-04",0.0001,0.1,0.0001,reverse_eng,3161498,0.91087
"U(0.0001,0.1), eps=1e-04",0.0001,0.1,0.0001,reverse_eng,3813565,0.92725
"U(0.0001,0.1), eps=1e-04",0.0001,0.1,0.0001,reverse_eng,4600122,0.94512
"U(0.0001,0.1), eps=1e-04",0.0001,0.1,0.0001,reverse_eng,5548909,0.96503
"U(0.0001,0.1), eps=1e-04",0.0001,0.1,0.0001,reverse_eng,6693386,0.97562
"U(0.0001,0.1), eps=1e-04",0.0001,0.1,0.0001,reverse_eng,8073914,0.98423
"U(0.0001,0.1), eps=1e-04",0.0001,0.1,0.0001,reverse_eng,9739179,0.98995
"U(0.0001,0.1), eps=1e-04",0.0001,0.1,0.0001,reverse_eng,11747910,0.99308
"U(0.0001,0.1), eps=1e-04",0.0001,0.1,0.0001,reverse_eng,14170946,0.99467
"U(0.0001,0.1), eps=1e-04",0.0001,0.1,0.0001,reverse_eng,17093739,0.99755
"U(0.0001,0.1), eps=1e-04",0.0001,0.1,0.0001,reverse_eng,20619366,0.99892
"U(0.0001,0.1), eps=1e-04",0.0001,0.1,0.0001,reverse_eng,24872163,0.99923
"U(0.0001,0.1), eps=1e-04",0.0001,0.1,0.0001,reverse_eng,30002110,0.9993
"U(0.0001,0.1), eps=1e-04",0.0001,0.1,0.0001,reverse_eng,36190121,0.9993
"U(0.0001,0.1), eps=1e-04",0.0001,0.1,0.0001,reverse_eng,43654425,0.9993
"U(0.0001,0.1), eps=1e-04",0.0001,0.1,0.0001,reverse_eng,52658261,0.9993
"U(0.0001,0.1), eps=1e-04",0.0001,0.1,0.0001,reverse_eng,63519160,0.9993
"U(0.0001,0.1), eps=1e-04",0.0001,0.1,0.0001,reverse_eng,76620148,0.9993
"U(0.0001,0.1), eps=1e-04",0.0001,0.1,0.0001,reverse_eng,92423247,0.9993
"U(0.0001,0.1), eps=1e-04",0.0001,0.1,0.0001,reverse_eng,111485776,0.9993
"U(0.0001,0.1), eps=1e-04",0.0001,0.1,0.0001,reverse_eng,134480000,0.9993
"U(0.0001,0.1), eps=1e-04",0.0001,0.1,0.0001,binary_risk,89653,0.28397
"U(0.0001,0.1), eps=1e-04",0.0001,0.1,0.0001,binary_risk,108144,0.31535
"U(0.0001,0.1), eps=1e-04",0.0001,0.1,0.0001,binary_risk,130449,0.34335
"U(0.0001,0.1), eps=1e-04",0.0001,0.1,0.0001,binary_risk,157355,0.3758
"U(0.0001,0.1), eps=1e-04",0.0001,0.1,0.0001,binary_risk,189810,0.4097
"U(0.0001,0.1), eps=1e-04",0.0001,0.1,0.0001,binary_risk,228958,0.4428
"U(0.0001,0.1), eps=1e-04",0.0001,0.1,0.0001,binary_risk,276182,0.47742
"U(0.0001,0.1), eps=1e-04",0.0001,0.1,0.0001,binary_risk,333145,0.51682
"U(0.0001,0.1), eps=1e-04",0.0001,0.1,0.0001,binary_risk,401857,0.5532
"U(0.0001,0.1), eps=1e-04",0.0001,0.1,0.0001,binary_risk,484741,0.5917
"U(0.0001,0.1), eps=1e-04",0.0001,0.1,0.0001,binary_risk,584721,0.63213
"U(0.0001,0.1), eps=1e-04",0.0001,0.1,0.0001,binary_risk,705321,0.67215
"U(0.0001,0.1), eps=1e-04",0.0001,0.1,0.0001,binary_risk,850795,0.71098
"U(0.0001,0.1), eps=1e-04",0.0001,0.1,0.0001,binary_risk,1026274,0.74952
"U(0.0001,0.1), eps=1e-04",0.0001,0.1,0.0001,binary_risk,1237946,0.78727
"U(0.0001,0.1), eps=1e-04",0.0001,0.1,0.0001,binary_risk,1493275,0.82265
"U(0.0001,0.1), eps=1e-04",0.0001,0.1,0.0001,binary_risk,1801267,0.85288
"U(0.0001,0.1), eps=1e-04",0.0001,0.1,0.0001,binary_risk,2172783,0.88245
"U(0.0001,0.1), eps=1e-04",0.0001,0.1,0.0001,binary_risk,2620925,0.91143
"U(0.0001,0.1), eps=1e-04",0.0001,0.1,0.0001,binary_risk,3161498,0.93227
"U(0.0001,0.1), eps=1e-04",0.0001,0.1,0.0001,binary_risk,3813565,0.95108
"U(0.0001,0.1), eps=1e-04",0.0001,0.1,0.0001,binary_risk,4600122,0.96813
"U(0.0001,0.1), eps=1e-04",0.0001,0.1,0.0001,binary_risk,5548909,0.97925
"U(0.0001,0.1), eps=1e-04",0.0001,0.1,0.0001,binary_risk,6693386,0.98828
"U(0.0001,0.1), eps=1e-04",0.0001,0.1,0.0001,binary_risk,8073914,0.99362
"U(0.0001,0.1), eps=1e-04",0.0001,0.1,0.0001,binary_risk,9739179,0.9967
"U(0.0001,0.1), eps=1e-04",0.0001,0.1,0.0001,binary_risk,11747910,0.99813
"U(0.0001,0.1), eps=1e-04",0.0001,0.1,0.0001,binary_risk,14170946,0.99903
"U(0.0001,0.1), eps=1e-04",0.0001,0.1,0.0001,binary_risk,17093739,0.99982
"U(0.0001,0.1), eps=1e-04",0.0001,0.1,0.0001,binary_risk,20619366,0.99995
"U(0.0001,0.1), eps=1e-04",0.0001,0.1,0.0001,binary_risk,24872163,0.99995
"U(0.0001,0.1), eps=1e-04",0.0001,0.1,0.0001,binary_risk,30002110,0.99918
"U(0.0001,0.1), eps=1e-04",0.0001,0.1,0.0001,binary_risk,36190121,0.99972
"U(0.0001,0.1), eps=1e-04",0.0001,0.1,0.0001,binary_risk,43654425,0.99982
"U(0.0001,0.1), eps=1e-04",0.0001,0.1,0.0001,binary_risk,52658261,0.99997
"U(0.0001,0.1), eps=1e-04",0.0001,0.1,0.0001,binary_risk,63519160,1.0
"U(0.0001,0.1), eps=1e-04",0.0001,0.1,0.0001,binary_risk,76620148,1.0
"U(0.0001,0.1), eps=1e-04",0.0001,0.1,0.0001,binary_risk,92423247,1.0
"U(0.0001,0.1), eps=1e-04",0.0001,0.1,0.0001,binary_risk,111485776,1.0
"U(0.0001,0.1), eps=1e-04",0.0001,0.1,0.0001,binary_risk,134480000,1.0
"U(0.0001,0.1), eps=1e-04",0.0001,0.1,0.0001,reverse_eng_risk,89653,0.27677
"U(0.0001,0.1), eps=1e-04",0.0001,0.1,0.0001,reverse_eng_risk,108144,0.30743
"U(0.0001,0.1), eps=1e-04",0.0001,0.1,0.0001,reverse_eng_risk,130449,0.33715
"U(0.0001,0.1), eps=1e-04",0.0001,0.1,0.0001,reverse_eng_risk,157355,0.37357
"U(0.0001,0.1), eps=1e-04",0.0001,0.1,0.0001,reverse_eng_risk,189810,0.40773
"U(0.0001,0.1), eps=1e-04",0.0001,0.1,0.0001,reverse_eng_risk,228958,0.438
"U(0.0001,0.1), eps=1e-04",0.0001,0.1,0.0001,reverse_eng_risk,276182,0.47373
"U(0.0001,0.1), eps=1e-04",0.0001,0.1,0.0001,reverse_eng_risk,333145,0.51233
"U(0.0001,0.1), eps=1e-04",0.0001,0.1,0.0001,reverse_eng_risk,401857,0.5489
"U(0.0001,0.1), eps=1e-04",0.0001,0.1,0.0001,reverse_eng_risk,484741,0.5885
"U(0.0001,0.1), eps=1e-04",0.0001,0.1,0.0001,reverse_eng_risk,584721,0.6292
"U(0.0001,0.1), eps=1e-04",0.0001,0.1,0.0001,reverse_eng_risk,705321,0.66725
"U(0.0001,0.1), eps=1e-04",0.0001,0.1,0.0001,reverse_eng_risk,850795,0.7096
"U(0.0001,0.1), eps=1e-04",0.0001,0.1,0.0001,reverse_eng_risk,1026274,0.74855
"U(0.0001,0.1), eps=1e-04",0.0001,0.1,0.0001,reverse_eng_risk,1237946,0.78653
"U(0.0001,0.1), eps=1e-04",0.0001,0.1,0.0001,reverse_eng_risk,1493275,0.8197
"U(0.0001,0.1), eps=1e-04",0.0001,0.1,0.0001,reverse_eng_risk,1801267,0.85228
"U(0.0001,0.1), eps=1e-04",0.0001,0.1,0.0001,reverse_eng_risk,2172783,0.88125
"U(0.0001,0.1), eps=1e-04",0.0001,0.1,0.0001,reverse_eng_risk,2620925,0.9112
"U(0.0001,0.1), eps=1e-04",0.0001,0.1,0.0001,reverse_eng_risk,3161498,0.93148
"U(0.0001,0.1), eps=1e-04",0.0001,0.1,0.0001,reverse_eng_risk,3813565,0.95088
"U(0.0001,0.1), eps=1e-04",0.0001,0.1,0.0001,reverse_eng_risk,4600122,0.9666
"U(0.0001,0.1), eps=1e-04",0.0001,0.1,0.0001,reverse_eng_risk,5548909,0.9774
"U(0.0001,0.1), eps=1e-04",0.0001,0.1,0.0001,reverse_eng_risk,6693386,0.9884
"U(0.0001,0.1), eps=1e-04",0.0001,0.1,0.0001,reverse_eng_risk,8073914,0.99377
"U(0.0001,0.1), eps=1e-04",0.0001,0.1,0.0001,reverse_eng_risk,9739179,0.9964
"U(0.0001,0.1), eps=1e-04",0.0001,0.1,0.0001,reverse_eng_risk,11747910,0.99823
"U(0.0001,0.1), eps=1e-04",0.0001,0.1,0.0001,reverse_eng_risk,14170946,0.99895
"U(0.0001,0.1), eps=1e-04",0.0001,0.1,0.0001,reverse_eng_risk,17093739,0.99972
"U(0.0001,0.1), eps=1e-04",0.0001,0.1,0.0001,reverse_eng_risk,20619366,0.99985
"U(0.0001,0.1), eps=1e-04",0.0001,0.1,0.0001,reverse_eng_risk,24872163,0.99995
"U(0.0001,0.1), eps=1e-04",0.0001,0.1,0.0001,reverse_eng_risk,30002110,0.99992
"U(0.0001,0.1), eps=1e-04",0.0001,0.1,0.0001,reverse_eng_risk,36190121,0.99997
"U(0.0001,0.1), eps=1e-04",0.0001,0.1,0.0001,reverse_eng_risk,43654425,1.0
"U(0.0001,0.1), eps=1e-04",0.0001,0.1,0.0001,reverse_eng_risk,52658261,1.0
"U(0.0001,0.1), eps=1e-04",0.0001,0.1,0.0001,reverse_eng_risk,63519160,1.0
"U(0.0001,0.1), eps=1e-04",0.0001,0.1,0.0001,reverse_eng_risk,76620148,1.0
"U(0.0001,0.1), eps=1e-04",0.0001,0.1,0.0001,reverse_eng_risk,92423247,1.0
"U(0.0001,0.1), eps=1e-04",0.0001,0.1,0.0001,reverse_eng_risk,111485776,1.0
"U(0.0001,0.1), eps=1e-04",0.0001,0.1,0.0001,reverse_eng_risk,134480000,1.0
"U(0.0001,0.1), eps=1e-06",0.0001,0.1,1e-06,brute,896533333,0.18488
"U(0.0001,0.1), eps=1e-06",0.0001,0.1,1e-06,brute,1081445601,0.20217
"U(0.0001,0.1), eps=1e-06",0.0001,0.1,1e-06,brute,1304496493,0.22162
"U(0.0001,0.1), eps=1e-06",0.0001,0.1,1e-06,brute,1573552196,0.24252
"U(0.0001,0.1), eps=1e-06",0.0001,0.1,1e-06,brute,1898101319,0.26505
"U(0.0001,0.1), eps=1e-06",0.0001,0.1,1e-06,brute,2289589519,0.29173
"U(0.0001,0.1), eps=1e-06",0.0001,0.1,1e-06,brute,2761823151,0.31753
"U(0.0001,0.1), eps=1e-06",0.0001,0.1,1e-06,brute,3331456165,0.34642
"U(0.0001,0.1), eps=1e-06",0.0001,0.1,1e-06,brute,4018577429,0.377
"U(0.0001,0.1), eps=1e-06",0.0001,0.1,1e-06,brute,4847419193,0.41132
"U(0.0001,0.1), eps=1e-06",0.0001,0.1,1e-06,brute,5847211667,0.44725
"U(0.0001,0.1), eps=1e-06",0.0001,0.1,1e-06,brute,7053213870,0.48573
"U(0.0001,0.1), eps=1e-06",0.0001,0.1,1e-06,brute,8507957079,0.52553
"U(0.0001,0.1), eps=1e-06",0.0001,0.1,1e-06,brute,10262744755,0.567
"U(0.0001,0.1), eps=1e-06",0.0001,0.1,1e-06,brute,12379461831,0.61182
"U(0.0001,0.1), eps=1e-06",0.0001,0.1,1e-06,brute,14932757159,0.65868
"U(0.0001,0.1), eps=1e-06",0.0001,0.1,1e-06,brute,18012676110,0.70375
"U(0.0001,0.1), eps=1e-06",0.0001,0.1,1e-06,brute,21727836139,0.74777
"U(0.0001,0.1), eps=1e-06",0.0001,0.1,1e-06,brute,26209257324,0.79278
"U(0.0001,0.1), eps=1e-06",0.0001,0.1,1e-06,brute,31614982969,0.83413
"U(0.0001,0.1), eps=1e-06",0.0001,0.1,1e-06,brute,38135653207,0.87145
"U(0.0001,0.1), eps=1e-06",0.0001,0.1,1e-06,brute,46001228182,0.90448
"U(0.0001,0.1), eps=1e-06",0.0001,0.1,1e-06,brute,55489097899,0.93317
"U(0.0001,0.1), eps=1e-06",0.0001,0.1,1e-06,brute,66933864754,0.9547
"U(0.0001,0.1), eps=1e-06",0.0001,0.1,1e-06,brute,80739143733,0.97172
"U(0.0001,0.1), eps=1e-06",0.0001,0.1,1e-06,brute,97391796436,0.98382
"U(0.0001,0.1), eps=1e-06",0.0001,0.1,1e-06,brute,117479100897,0.9924
"U(0.0001,0.1), eps=1e-06",0.0001,0.1,1e-06,brute,141709462734,0.99672
"U(0.0001,0.1), eps=1e-06",0.0001,0.1,1e-06,brute,170937398014,0.99875
"U(0.0001,0.1), eps=1e-06",0.0001,0.1,1e-06,brute,206193668906,0.99972
"U(0.0001,0.1), eps=1e-06",0.0001,0.1,1e-06,brute,248721634884,0.99992
"U(0.0001,0.1), eps=1e-06",0.0001,0.1,1e-06,brute,300021101460,1.0
"U(0.0001,0.1), eps=1e-06",0.0001,0.1,1e-06,brute,361901212829,1.0
"U(0.0001,0.1), eps=1e-06",0.0001,0.1,1e-06,brute,436544253753,1.0
"U(0.0001,0.1), eps=1e-06",0.0001,0.1,1e-06,brute,526582610750,1.0
"U(0.0001,0.1), eps=1e-06",0.0001,0.1,1e-06,brute,635191606717,1.0
"U(0.0001,0.1), eps=1e-06",0.0001,0.1,1e-06,brute,766201482932,1.0
"U(0.0001,0.1), eps=1e-06",0.0001,0.1,1e-06,brute,924232477633,1.0
"U(0.0001,0.1), eps=1e-06",0.0001,0.1,1e-06,brute,1114857764883,1.0
"U(0.0001,0.1), eps=1e-06",0.0001,0.1,1e-06,brute,1344800000000,1.0
"U(0.0001,0.1), eps=1e-06",0.0001,0.1,1e-06,separable,896533333,0.04835
"U(0.0001,0.1), eps=1e-06",0.0001,0.1,1e-06,separable,1081445601,0.05393
"U(0.0001,0.1), eps=1e-06",0.0001,0.1,1e-06,separable,1304496493,0.05887
"U(0.0001,0.1), eps=1e-06",0.0001,0.1,1e-06,separable,1573552196,0.06477
"U(0.0001,0.1), eps=1e-06",0.0001,0.1,1e-06,separable,1898101319,0.07115
"U(0.0001,0.1), eps=1e-06",0.0001,0.1,1e-06,separable,2289589519,0.07842
"U(0.0001,0.1), eps=1e-06",0.0001,0.1,1e-06,separable,2761823151,0.0862
"U(0.0001,0.1), eps=1e-06",0.0001,0.1,1e-06,separable,3331456165,0.09523
"U(0.0001,0.1), eps=1e-06",0.0001,0.1,1e-06,separable,4018577429,0.10393
"U(0.0001,0.1), eps=1e-06",0.0001,0.1,1e-06,separable,4847419193,0.1138
"U(0.0001,0.1), eps=1e-06",0.0001,0.1,1e-06,separable,5847211667,0.1245
"U(0.0001,0.1), eps=1e-06",0.0001,0.1,1e-06,separable,7053213870,0.13655
"U(0.0001,0.1), eps=1e-06",0.0001,0.1,1e-06,separable,8507957079,0.14818
"U(0.0001,0.1), eps=1e-06",0.0001,0.1,1e-06,separable,10262744755,0.16282
"U(0.0001,0.1), eps=1e-06",0.0001,0.1,1e-06,separable,12379461831,0.17788
"U(0.0001,0.1), eps=1e-06",0.0001,0.1,1e-06,separable,14932757159,0.19485
"U(0.0001,0.1), eps=1e-06",0.0001,0.1,1e-06,separable,18012676110,0.21302
"U(0.0001,0.1), eps=1e-06",0.0001,0.1,1e-06,separable,21727836139,0.2333
"U(0.0001,0.1), eps=1e-06",0.0001,0.1,1e-06,separable,26209257324,0.25412
"U(0.0001,0.1), eps=1e-06",0.0001,0.1,1e-06,separable,31614982969,0.27965
"U(0.0001,0.1), eps=1e-06",0.0001,0.1,1e-06,separable,38135653207,0.30585
"U(0.0001,0.1), eps=1e-06",0.0001,0.1,1e-06,separable,46001228182,0.33398
"U(0.0001,0.1), eps=1e-06",0.0001,0.1,1e-06,separable,55489097899,0.3635
"U(0.0001,0.1), eps=1e-06",0.0001,0.1,1e-06,separable,66933864754,0.3964
"U(0.0001,0.1), eps=1e-06",0.0001,0.1,1e-06,separable,80739143733,0.43043
"U(0.0001,0.1), eps=1e-06",0.0001,0.1,1e-06,separable,97391796436,0.4679
"U(0.0001,0.1), eps=1e-06",0.0001,0.1,1e-06,separable,117479100897,0.50815
"U(0.0001,0.1), eps=1e-06",0.0001,0.1,1e-06,separable,141709462734,0.54805
"U(0.0001,0.1), eps=1e-06",0.0001,0.1,1e-06,separable,170937398014,0.59232
"U(0.0001,0.1), eps=1e-06",0.0001,0.1,1e-06,separable,206193668906,0.6382
"U(0.0001,0.1), eps=1e-06",0.0001,0.1,1e-06,separable,248721634884,0.6831
"U(0.0001,0.1), eps=1e-06",0.0001,0.1,1e-06,separable,300021101460,0.72833
"U(0.0001,0.1), eps=1e-06",0.0001,0.1,1e-06,separable,361901212829,0.77348
"U(0.0001,0.1), eps=1e-06",0.0001,0.1,1e-06,separable,436544253753,0.81732
"U(0.0001,0.1), eps=1e-06",0.0001,0.1,1e-06,separable,526582610750,0.85535
"U(0.0001,0.1), eps=1e-06",0.0001,0.1,1e-06,separable,635191606717,0.89133
"U(0.0001,0.1), eps=1e-06",0.0001,0.1,1e-06,separable,766201482932,0.92102
"U(0.0001,0.1), eps=1e-06",0.0001,0.1,1e-06,separable,924232477633,0.94603
"U(0.0001,0.1), eps=1e-06",0.0001,0.1,1e-06,separable,1114857764883,0.96493
"U(0.0001,0.1), eps=1e-06",0.0001,0.1,1e-06,separable,1344800000000,0.97945
"U(0.0001,0.1), eps=1e-06",0.0001,0.1,1e-06,linear,896533333,0.25175
"U(0.0001,0.1), eps=1e-06",0.0001,0.1,1e-06,linear,1081445601,0.28015
"U(0.0001,0.1), eps=1e-06",0.0001,0.1,1e-06,linear,1304496493,0.30635
"U(0.0001,0.1), eps=1e-06",0.0001,0.1,1e-06,linear,1573552196,0.33375
"U(0.0001,0.1), eps=1e-06",0.0001,0.1,1e-06,linear,1898101319,0.37067
"U(0.0001,0.1), eps=1e-06",0.0001,0.1,1e-06,linear,2289589519,0.40268
"U(0.0001,0.1), eps=1e-06",0.0001,0.1,1e-06,linear,2761823151,0.43705
"U(0.0001,0.1), eps=1e-06",0.0001,0.1,1e-06,linear,3331456165,0.47325
"U(0.0001,0.1), eps=1e-06",0.0001,0.1,1e-06,linear,4018577429,0.50823
"U(0.0001,0.1), eps=1e-06",0.0001,0.1,1e-06,linear,4847419193,0.5489
"U(0.0001,0.1), eps=1e-06",0.0001,0.1,1e-06,linear,5847211667,0.5859
"U(0.0001,0.1), eps=1e-06",0.0001,0.1,1e-06,linear,7053213870,0.6269
"U(0.0001,0.1), eps=1e-06",0.0001,0.1,1e-06,linear,8507957079,0.66838
"U(0.0001,0.1), eps=1e-06",0.0001,0.1,1e-06,linear,10262744755,0.70365
"U(0.0001,0.1), eps=1e-06",0.0001,0.1,1e-06,linear,12379461831,0.74695
"U(0.0001,0.1), eps=1e-06",0.0001,0.1,1e-06,linear,14932757159,0.77677
"U(0.0001,0.1), eps=1e-06",0.0001,0.1,1e-06,linear,18012676110,0.8182
"U(0.0001,0.1), eps=1e-06",0.0001,0.1,1e-06,linear,21727836139,0.85433
"U(0.0001,0.1), eps=1e-06",0.0001,0.1,1e-06,linear,26209257324,0.88687
"U(0.0001,0.1), eps=1e-06",0.0001,0.1,1e-06,linear,31614982969,0.91217
"U(0.0001,0.1), eps=1e-06",0.0001,0.1,1e-06,linear,38135653207,0.93355
"U(0.0001,0.1), eps=1e-06",0.0001,0.1,1e-06,linear,46001228182,0.95415
"U(0.0001,0.1), eps=1e-06",0.0001,0.1,1e-06,linear,55489097899,0.96895
"U(0.0001,0.1), eps=1e-06",0.0001,0.1,1e-06,linear,66933864754,0.97945
"U(0.0001,0.1), eps=1e-06",0.0001,0.1,1e-06,linear,80739143733,0.98785
"U(0.0001,0.1), eps=1e-06",0.0001,0.1,1e-06,linear,97391796436,0.99298
"U(0.0001,0.1), eps=1e-06",0.0001,0.1,1e-06,linear,117479100897,0.99665
"U(0.0001,0.1), eps=1e-06",0.0001,0.1,1e-06,linear,141709462734,0.9978
"U(0.0001,0.1), eps=1e-06",0.0001,0.1,1e-06,linear,170937398014,0.99803
"U(0.0001,0.1), eps=1e-06",0.0001,0.1,1e-06,linear,206193668906,0.99905
"U(0.0001,0.1), eps=1e-06",0.0001,0.1,1e-06,linear,248721634884,0.9996
"U(0.0001,0.1), eps=1e-06",0.0001,0.1,1e-06,linear,300021101460,0.9998
"U(0.0001,0.1), eps=1e-06",0.0001,0.1,1e-06,linear,361901212829,0.99982
"U(0.0001,0.1), eps=1e-06",0.0001,0.1,1e-06,linear,436544253753,0.99982
"U(0.0001,0.1), eps=1e-06",0.0001,0.1,1e-06,linear,526582610750,0.99982
"U(0.0001,0.1), eps=1e-06",0.0001,0.1,1e-06,linear,635191606717,0.99982
"U(0.0001,0.1), eps=1e-06",0.0001,0.1,1e-06,linear,766201482932,0.99982
"U(0.0001,0.1), eps=1e-06",0.0001,0.1,1e-06,linear,924232477633,0.99982
"U(0.0001,0.1), eps=1e-06",0.0001,0.1,1e-06,linear,1114857764883,0.99982
"U(0.0001,0.1), eps=1e-06",0.0001,0.1,1e-06,linear,1344800000000,0.99982
"U(0.0001,0.1), eps=1e-06",0.0001,0.1,1e-06,binary,896533333,0.26632
"U(0.0001,0.1), eps=1e-06",0.0001,0.1,1e-06,binary,1081445601,0.29333
"U(0.0001,0.1), eps=1e-06",0.0001,0.1,1e-06,binary,1304496493,0.3205
"U(0.0001,0.1), eps=1e-06",0.0001,0.1,1e-06,binary,1573552196,0.34918
"U(0.0001,0.1), eps=1e-06",0.0001,0.1,1e-06,binary,1898101319,0.3806
"U(0.0001,0.1), eps=1e-06",0.0001,0.1,1e-06,binary,2289589519,0.41087
"U(0.0001,0.1), eps=1e-06",0.0001,0.1,1e-06,binary,2761823151,0.44598
"U(0.0001,0.1), eps=1e-06",0.0001,0.1,1e-06,binary,3331456165,0.4819
"U(0.0001,0.1), eps=1e-06",0.0001,0.1,1e-06,binary,4018577429,0.5175
"U(0.0001,0.1), eps=1e-06",0.0001,0.1,1e-06,binary,4847419193,0.5603
"U(0.0001,0.1), eps=1e-06",0.0001,0.1,1e-06,binary,5847211667,0.59918
"U(0.0001,0.1), eps=1e-06",0.0001,0.1,1e-06,binary,7053213870,0.6365
"U(0.0001,0.1), eps=1e-06",0.0001,0.1,1e-06,binary,8507957079,0.67565
"U(0.0001,0.1), eps=1e-06",0.0001,0.1,1e-06,binary,10262744755,0.71405
"U(0.0001,0.1), eps=1e-06",0.0001,0.1,1e-06,binary,12379461831,0.75157
"U(0.0001,0.1), eps=1e-06",0.0001,0.1,1e-06,binary,14932757159,0.78768
"U(0.0001,0.1), eps=1e-06",0.0001,0.1,1e-06,binary,18012676110,0.823
"U(0.0001,0.1), eps=1e-06",0.0001,0.1,1e-06,binary,21727836139,0.85977
"U(0.0001,0.1), eps=1e-06",0.0001,0.1,1e-06,binary,26209257324,0.88987
"U(0.0001,0.1), eps=1e-06",0.0001,0.1,1e-06,binary,31614982969,0.91463
"U(0.0001,0.1), eps=1e-06",0.0001,0.1,1e-06,binary,38135653207,0.93285
"U(0.0001,0.1), eps=1e-06",0.0001,0.1,1e-06,binary,46001228182,0.95442
"U(0.0001,0.1), eps=1e-06",0.0001,0.1,1e-06,binary,55489097899,0.96698
"U(0.0001,0.1), eps=1e-06",0.0001,0.1,1e-06,binary,66933864754,0.97762
"U(0.0001,0.1), eps=1e-06",0.0001,0.1,1e-06,binary,80739143733,0.98433
"U(0.0001,0.1), eps=1e-06",0.0001,0.1,1e-06,binary,97391796436,0.99085
"U(0.0001,0.1), eps=1e-06",0.0001,0.1,1e-06,binary,117479100897,0.9943
"U(0.0001,0.1), eps=1e-06",0.0001,0.1,1e-06,binary,141709462734,0.99675
"U(0.0001,0.1), eps=1e-06",0.0001,0.1,1e-06,binary,170937398014,0.99775
"U(0.0001,0.1), eps=1e-06",0.0001,0.1,1e-06,binary,206193668906,0.99803
"U(0.0001,0.1), eps=1e-06",0.0001,0.1,1e-06,binary,248721634884,0.99813
"U(0.0001,0.1), eps=1e-06",0.0001,0.1,1e-06,binary,300021101460,0.99815
"U(0.0001,0.1), eps=1e-06",0.0001,0.1,1e-06,binary,361901212829,0.99815
"U(0.0001,0.1), eps=1e-06",0.0001,0.1,1e-06,binary,436544253753,0.99815
"U(0.0001,0.1), eps=1e-06",0.0001,0.1,1e-06,binary,526582610750,0.99815
"U(0.0001,0.1), eps=1e-06",0.0001,0.1,1e-06,binary,635191606717,0.99815
"U(0.0001,0.1), eps=1e-06",0.0001,0.1,1e-06,binary,766201482932,0.99815
"U(0.0001,0.1), eps=1e-06",0.0001,0.1,1e-06,binary,924232477633,0.99815
"U(0.0001,0.1), eps=1e-06",0.0001,0.1,1e-06,binary,1114857764883,0.99815
"U(0.0001,0.1), eps=1e-06",0.0001,0.1,1e-06,binary,1344800000000,0.99815
"U(0.0001,0.1), eps=1e-06",0.0001,0.1,1e-06,reverse_eng,896533333,0.31257
"U(0.0001,0.1), eps=1e-06",0.0001,0.1,1e-06,reverse_eng,1081445601,0.33742
"U(0.0001,0.1), eps=1e-06",0.0001,0.1,1e-06,reverse_eng,1304496493,0.36607
"U(0.0001,0.1), eps=1e-06",0.0001,0.1,1e-06,reverse_eng,1573552196,0.39472
"U(0.0001,0.1), eps=1e-06",0.0001,0.1,1e-06,reverse_eng,1898101319,0.42628
"U(0.0001,0.1), eps=1e-06",0.0001,0.1,1e-06,reverse_eng,2289589519,0.45503
"U(0.0001,0.1), eps=1e-06",0.0001,0.1,1e-06,reverse_eng,2761823151,0.49042
"U(0.0001,0.1), eps=1e-06",0.0001,0.1,1e-06,reverse_eng,3331456165,0.52328
"U(0.0001,0.1), eps=1e-06",0.0001,0.1,1e-06,reverse_eng,4018577429,0.56207
"U(0.0001,0.1), eps=1e-06",0.0001,0.1,1e-06,reverse_eng,4847419193,0.59815
"U(0.0001,0.1), eps=1e-06",0.0001,0.1,1e-06,reverse_eng,5847211667,0.63675
"U(0.0001,0.1), eps=1e-06",0.0001,0.1,1e-06,reverse_eng,7053213870,0.67273
"U(0.0001,0.1), eps=1e-06",0.0001,0.1,1e-06,reverse_eng,8507957079,0.71047
"U(0.0001,0.1), eps=1e-06",0.0001,0.1,1e-06,reverse_eng,10262744755,0.74828
"U(0.0001,0.1), eps=1e-06",0.0001,0.1,1e-06,reverse_eng,12379461831,0.77995
"U(0.0001,0.1), eps=1e-06",0.0001,0.1,1e-06,reverse_eng,14932757159,0.81832
"U(0.0001,0.1), eps=1e-06",0.0001,0.1,1e-06,reverse_eng,18012676110,0.84945
"U(0.0001,0.1), eps=1e-06",0.0001,0.1,1e-06,reverse_eng,21727836139,0.87813
"U(0.0001,0.1), eps=1e-06",0.0001,0.1,1e-06,reverse_eng,26209257324,0.8998
"U(0.0001,0.1), eps=1e-06",0.0001,0.1,1e-06,reverse_eng,31614982969,0.9276
"U(0.0001,0.1), eps=1e-06",0.0001,0.1,1e-06,reverse_eng,38135653207,0.94298
"U(0.0001,0.1), eps=1e-06",0.0001,0.1,1e-06,reverse_eng,46001228182,0.95922
"U(0.0001,0.1), eps=1e-06",0.0001,0.1,1e-06,reverse_eng,55489097899,0.97155
"U(0.0001,0.1), eps=1e-06",0.0001,0.1,1e-06,reverse_eng,66933864754,0.98165
"U(0.0001,0.1), eps=1e-06",0.0001,0.1,1e-06,reverse_eng,80739143733,0.98557
"U(0.0001,0.1), eps=1e-06",0.0001,0.1,1e-06,reverse_eng,97391796436,0.99085
"U(0.0001,0.1), eps=1e-06",0.0001,0.1,1e-06,reverse_eng,117479100897,0.99538
"U(0.0001,0.1), eps=1e-06",0.0001,0.1,1e-06,reverse_eng,141709462734,0.99725
"U(0.0001,0.1), eps=1e-06",0.0001,0.1,1e-06,reverse_eng,170937398014,0.99792
"U(0.0001,0.1), eps=1e-06",0.0001,0.1,1e-06,reverse_eng,206193668906,0.99813
"U(0.0001,0.1), eps=1e-06",0.0001,0.1,1e-06,reverse_eng,248721634884,0.99833
"U(0.0001,0.1), eps=1e-06",0.0001,0.1,1e-06,reverse_eng,300021101460,0.99838
"U(0.0001,0.1), eps=1e-06",0.0001,0.1,1e-06,reverse_eng,361901212829,0.99838
"U(0.0001,0.1), eps=1e-06",0.0001,0.1,1e-06,reverse_eng,436544253753,0.99838
"U(0.0001,0.1), eps=1e-06",0.0001,0.1,1e-06,reverse_eng,526582610750,0.99838
"U(0.0001,0.1), eps=1e-06",0.0001,0.1,1e-06,reverse_eng,635191606717,0.99838
"U(0.0001,0.1), eps=1e-06",0.0001,0.1,1e-06,reverse_eng,766201482932,0.99838
"U(0.0001,0.1), eps=1e-06",0.0001,0.1,1e-06,reverse_eng,924232477633,0.99838
"U(0.0001,0.1), eps=1e-06",0.0001,0.1,1e-06,reverse_eng,1114857764883,0.99838
"U(0.0001,0.1), eps=1e-06",0.0001,0.1,1e-06,reverse_eng,1344800000000,0.99838
"U(0.0001,0.1), eps=1e-06",0.0001,0.1,1e-06,binary_risk,896533333,0.32265
"U(0.0001,0.1), eps=1e-06",0.0001,0.1,1e-06,binary_risk,1081445601,0.35008
"U(0.0001,0.1), eps=1e-06",0.0001,0.1,1e-06,binary_risk,1304496493,0.3789
"U(0.0001,0.1), eps=1e-06",0.0001,0.1,1e-06,binary_risk,1573552196,0.40727
"U(0.0001,0.1), eps=1e-06",0.0001,0.1,1e-06,binary_risk,1898101319,0.43865
"U(0.0001,0.1), eps=1e-06",0.0001,0.1,1e-06,binary_risk,2289589519,0.47158
"U(0.0001,0.1), eps=1e-06",0.0001,0.1,1e-06,binary_risk,2761823151,0.48257
"U(0.0001,0.1), eps=1e-06",0.0001,0.1,1e-06,binary_risk,3331456165,0.52133
"U(0.0001,0.1), eps=1e-06",0.0001,0.1,1e-06,binary_risk,4018577429,0.56245
"U(0.0001,0.1), eps=1e-06",0.0001,0.1,1e-06,binary_risk,4847419193,0.60135
"U(0.0001,0.1), eps=1e-06",0.0001,0.1,1e-06,binary_risk,5847211667,0.63828
"U(0.0001,0.1), eps=1e-06",0.0001,0.1,1e-06,binary_risk,7053213870,0.67805
"U(0.0001,0.1), eps=1e-06",0.0001,0.1,1e-06,binary_risk,8507957079,0.7169
"U(0.0001,0.1), eps=1e-06",0.0001,0.1,1e-06,binary_risk,10262744755,0.75465
"U(0.0001,0.1), eps=1e-06",0.0001,0.1,1e-06,binary_risk,12379461831,0.79317
"U(0.0001,0.1), eps=1e-06",0.0001,0.1,1e-06,binary_risk,14932757159,0.82522
"U(0.0001,0.1), eps=1e-06",0.0001,0.1,1e-06,binary_risk,18012676110,0.8594
"U(0.0001,0.1), eps=1e-06",0.0001,0.1,1e-06,binary_risk,21727836139,0.88777
"U(0.0001,0.1), eps=1e-06",0.0001,0.1,1e-06,binary_risk,26209257324,0.91397
"U(0.0001,0.1), eps=1e-06",0.0001,0.1,1e-06,binary_risk,31614982969,0.9369
"U(0.0001,0.1), eps=1e-06",0.0001,0.1,1e-06,binary_risk,38135653207,0.95505
"U(0.0001,0.1), eps=1e-06",0.0001,0.1,1e-06,binary_risk,46001228182,0.96932
"U(0.0001,0.1), eps=1e-06",0.0001,0.1,1e-06,binary_risk,55489097899,0.97972
"U(0.0001,0.1), eps=1e-06",0.0001,0.1,1e-06,binary_risk,66933864754,0.98903
"U(0.0001,0.1), eps=1e-06",0.0001,0.1,1e-06,binary_risk,80739143733,0.9938
"U(0.0001,0.1), eps=1e-06",0.0001,0.1,1e-06,binary_risk,97391796436,0.99577
"U(0.0001,0.1), eps=1e-06",0.0001,0.1,1e-06,binary_risk,117479100897,0.99813
"U(0.0001,0.1), eps=1e-06",0.0001,0.1,1e-06,binary_risk,141709462734,0.99885
"U(0.0001,0.1), eps=1e-06",0.0001,0.1,1e-06,binary_risk,170937398014,0.99867
"U(0.0001,0.1), eps=1e-06",0.0001,0.1,1e-06,binary_risk,206193668906,0.99915
"U(0.0001,0.1), eps=1e-06",0.0001,0.1,1e-06,binary_risk,248721634884,0.99955
"U(0.0001,0.1), eps=1e-06",0.0001,0.1,1e-06,binary_risk,300021101460,0.99913
"U(0.0001,0.1), eps=1e-06",0.0001,0.1,1e-06,binary_risk,361901212829,0.9998
"U(0.0001,0.1), eps=1e-06",0.0001,0.1,1e-06,binary_risk,436544253753,0.99985
"U(0.0001,0.1), eps=1e-06",0.0001,0.1,1e-06,binary_risk,526582610750,0.99997
"U(0.0001,0.1), eps=1e-06",0.0001,0.1,1e-06,binary_risk,635191606717,1.0
"U(0.0001,0.1), eps=1e-06",0.0001,0.1,1e-06,binary_risk,766201482932,1.0
"U(0.0001,0.1), eps=1e-06",0.0001,0.1,1e-06,binary_risk,924232477633,1.0
"U(0.0001,0.1), eps=1e-06",0.0001,0.1,1e-06,binary_risk,1114857764883,1.0
"U(0.0001,0.1), eps=1e-06",0.0001,0.1,1e-06,binary_risk,1344800000000,1.0
"U(0.0001,0.1), eps=1e-06",0.0001,0.1,1e-06,reverse_eng_risk,896533333,0.32272
"U(0.0001,0.1), eps=1e-06",0.0001,0.1,1e-06,reverse_eng_risk,1081445601,0.35008
"U(0.0001,0.1), eps=1e-06",0.0001,0.1,1e-06,reverse_eng_risk,1304496493,0.37833
"U(0.0001,0.1), eps=1e-06",0.0001,0.1,1e-06,reverse_eng_risk,1573552196,0.4079
"U(0.0001,0.1), eps=1e-06",0.0001,0.1,1e-06,reverse_eng_risk,1898101319,0.43848
"U(0.0001,0.1), eps=1e-06",0.0001,0.1,1e-06,reverse_eng_risk,2289589519,0.47147
"U(0.0001,0.1), eps=1e-06",0.0001,0.1,1e-06,reverse_eng_risk,2761823151,0.5059
"U(0.0001,0.1), eps=1e-06",0.0001,0.1,1e-06,reverse_eng_risk,3331456165,0.54107
"U(0.0001,0.1), eps=1e-06",0.0001,0.1,1e-06,reverse_eng_risk,4018577429,0.57768
"U(0.0001,0.1), eps=1e-06",0.0001,0.1,1e-06,reverse_eng_risk,4847419193,0.6143
"U(0.0001,0.1), eps=1e-06",0.0001,0.1,1e-06,reverse_eng_risk,5847211667,0.65243
"U(0.0001,0.1), eps=1e-06",0.0001,0.1,1e-06,reverse_eng_risk,7053213870,0.69185
"U(0.0001,0.1), eps=1e-06",0.0001,0.1,1e-06,reverse_eng_risk,8507957079,0.72967
"U(0.0001,0.1), eps=1e-06",0.0001,0.1,1e-06,reverse_eng_risk,10262744755,0.76113
"U(0.0001,0.1), eps=1e-06",0.0001,0.1,1e-06,reverse_eng_risk,12379461831,0.79668
"U(0.0001,0.1), eps=1e-06",0.0001,0.1,1e-06,reverse_eng_risk,14932757159,0.8291
"U(0.0001,0.1), eps=1e-06",0.0001,0.1,1e-06,reverse_eng_risk,18012676110,0.85875
"U(0.0001,0.1), eps=1e-06",0.0001,0.1,1e-06,reverse_eng_risk,21727836139,0.89092
"U(0.0001,0.1), eps=1e-06",0.0001,0.1,1e-06,reverse_eng_risk,26209257324,0.91465
"U(0.0001,0.1), eps=1e-06",0.0001,0.1,1e-06,reverse_eng_risk,31614982969,0.93553
"U(0.0001,0.1), eps=1e-06",0.0001,0.1,1e-06,reverse_eng_risk,38135653207,0.95373
"U(0.0001,0.1), eps=1e-06",0.0001,0.1,1e-06,reverse_eng_risk,46001228182,0.9691
"U(0.0001,0.1), eps=1e-06",0.0001,0.1,1e-06,reverse_eng_risk,55489097899,0.98025
"U(0.0001,0.1), eps=1e-06",0.0001,0.1,1e-06,reverse_eng_risk,66933864754,0.98845
"U(0.0001,0.1), eps=1e-06",0.0001,0.1,1e-06,reverse_eng_risk,80739143733,0.99372
"U(0.0001,0.1), eps=1e-06",0.0001,0.1,1e-06,reverse_eng_risk,97391796436,0.99697
"U(0.0001,0.1), eps=1e-06",0.0001,0.1,1e-06,reverse_eng_risk,117479100897,0.99843
"U(0.0001,0.1), eps=1e-06",0.0001,0.1,1e-06,reverse_eng_risk,141709462734,0.99923
"U(0.0001,0.1), eps=1e-06",0.0001,0.1,1e-06,reverse_eng_risk,170937398014,0.99965
"U(0.0001,0.1), eps=1e-06",0.0001,0.1,1e-06,reverse_eng_risk,206193668906,0.99982
"U(0.0001,0.1), eps=1e-06",0.0001,0.1,1e-06,reverse_eng_risk,248721634884,0.99992
"U(0.0001,0.1), eps=1e-06",0.0001,0.1,1e-06,reverse_eng_risk,300021101460,0.99995
"U(0.0001,0.1), eps=1e-06",0.0001,0.1,1e-06,reverse_eng_risk,361901212829,0.99997
"U(0.0001,0.1), eps=1e-06",0.0001,0.1,1e-06,reverse_eng_risk,436544253753,1.0
"U(0.0001,0.1), eps=1e-06",0.0001,0.1,1e-06,reverse_eng_risk,526582610750,1.0
"U(0.0001,0.1), eps=1e-06",0.0001,0.1,1e-06,reverse_eng_risk,635191606717,1.0
"U(0.0001,0.1), eps=1e-06",0.0001,0.1,1e-06,reverse_eng_risk,766201482932,1.0
"U(0.0001,0.1), eps=1e-06",0.0001,0.1,1e-06,reverse_eng_risk,924232477633,1.0
"U(0.0001,0.1), eps=1e-06",0.0001,0.1,1e-06,reverse_eng_risk,1114857764883,1.0
"U(0.0001,0.1), eps=1e-06",0.0001,0.1,1e-06,reverse_eng_risk,1344800000000,1.0
"U(0.0001,0.01), eps=1e-04",0.0001,0.01,0.0001,brute,8565,0.16848
"U(0.0001,0.01), eps=1e-04",0.0001,0.01,0.0001,brute,10332,0.18325
"U(0.0001,0.01), eps=1e-04",0.0001,0.01,0.0001,brute,12463,0.20447
"U(0.0001,0.01), eps=1e-04",0.0001,0.01,0.0001,brute,15033,0.2233
"U(0.0001,0.01), eps=1e-04",0.0001,0.01,0.0001,brute,18134,0.2468
"U(0.0001,0.01), eps=1e-04",0.0001,0.01,0.0001,brute,21875,0.27545
"U(0.0001,0.01), eps=1e-04",0.0001,0.01,0.0001,brute,26386,0.30335
"U(0.0001,0.01), eps=1e-04",0.0001,0.01,0.0001,brute,31829,0.33545
"U(0.0001,0.01), eps=1e-04",0.0001,0.01,0.0001,brute,38394,0.36555
"U(0.0001,0.01), eps=1e-04",0.0001,0.01,0.0001,brute,46312,0.39922
"U(0.0001,0.01), eps=1e-04",0.0001,0.01,0.0001,brute,55865,0.43585
"U(0.0001,0.01), eps=1e-04",0.0001,0.01,0.0001,brute,67387,0.47387
"U(0.0001,0.01), eps=1e-04",0.0001,0.01,0.0001,brute,81286,0.5155
"U(0.0001,0.01), eps=1e-04",0.0001,0.01,0.0001,brute,98051,0.5588
"U(0.0001,0.01), eps=1e-04",0.0001,0.01,0.0001,brute,118275,0.60625
"U(0.0001,0.01), eps=1e-04",0.0001,0.01,0.0001,brute,142669,0.65112
"U(0.0001,0.01), eps=1e-04",0.0001,0.01,0.0001,brute,172095,0.6973
"U(0.0001,0.01), eps=1e-04",0.0001,0.01,0.0001,brute,207590,0.74277
"U(0.0001,0.01), eps=1e-04",0.0001,0.01,0.0001,brute,250406,0.78568
"U(0.0001,0.01), eps=1e-04",0.0001,0.01,0.0001,brute,302053,0.82798
"U(0.0001,0.01), eps=1e-04",0.0001,0.01,0.0001,brute,364353,0.86633
"U(0.0001,0.01), eps=1e-04",0.0001,0.01,0.0001,brute,439502,0.89897
"U(0.0001,0.01), eps=1e-04",0.0001,0.01,0.0001,brute,530150,0.92755
"U(0.0001,0.01), eps=1e-04",0.0001,0.01,0.0001,brute,639495,0.9518
"U(0.0001,0.01), eps=1e-04",0.0001,0.01,0.0001,brute,771393,0.9702
"U(0.0001,0.01), eps=1e-04",0.0001,0.01,0.0001,brute,930494,0.98362
"U(0.0001,0.01), eps=1e-04",0.0001,0.01,0.0001,brute,1122411,0.99065
"U(0.0001,0.01), eps=1e-04",0.0001,0.01,0.0001,brute,1353912,0.99577
"U(0.0001,0.01), eps=1e-04",0.0001,0.01,0.0001,brute,1633159,0.99823
"U(0.0001,0.01), eps=1e-04",0.0001,0.01,0.0001,brute,1970003,0.99948
"U(0.0001,0.01), eps=1e-04",0.0001,0.01,0.0001,brute,2376321,0.99995
"U(0.0001,0.01), eps=1e-04",0.0001,0.01,0.0001,brute,2866443,1.0
"U(0.0001,0.01), eps=1e-04",0.0001,0.01,0.0001,brute,3457654,1.0
"U(0.0001,0.01), eps=1e-04",0.0001,0.01,0.0001,brute,4170804,1.0
"U(0.0001,0.01), eps=1e-04",0.0001,0.01,0.0001,brute,5031044,1.0
"U(0.0001,0.01), eps=1e-04",0.0001,0.01,0.0001,brute,6068709,1.0
"U(0.0001,0.01), eps=1e-04",0.0001,0.01,0.0001,brute,7320396,1.0
"U(0.0001,0.01), eps=1e-04",0.0001,0.01,0.0001,brute,8830246,1.0
"U(0.0001,0.01), eps=1e-04",0.0001,0.01,0.0001,brute,10651507,1.0
"U(0.0001,0.01), eps=1e-04",0.0001,0.01,0.0001,brute,12848407,1.0
"U(0.0001,0.01), eps=1e-04",0.0001,0.01,0.0001,separable,8565,0.0
"U(0.0001,0.01), eps=1e-04",0.0001,0.01,0.0001,separable,10332,0.00788
"U(0.0001,0.01), eps=1e-04",0.0001,0.01,0.0001,separable,12463,0.00717
"U(0.0001,0.01), eps=1e-04",0.0001,0.01,0.0001,separable,15033,0.008
"U(0.0001,0.01), eps=1e-04",0.0001,0.01,0.0001,separable,18134,0.00732
"U(0.0001,0.01), eps=1e-04",0.0001,0.01,0.0001,separable,21875,0.01257
"U(0.0001,0.01), eps=1e-04",0.0001,0.01,0.0001,separable,26386,0.01123
"U(0.0001,0.01), eps=1e-04",0.0001,0.01,0.0001,separable,31829,0.01773
"U(0.0001,0.01), eps=1e-04",0.0001,0.01,0.0001,separable,38394,0.01738
"U(0.0001,0.01), eps=1e-04",0.0001,0.01,0.0001,separable,46312,0.02088
"U(0.0001,0.01), eps=1e-04",0.0001,0.01,0.0001,separable,55865,0.02413
"U(0.0001,0.01), eps=1e-04",0.0001,0.01,0.0001,separable,67387,0.02835
"U(0.0001,0.01), eps=1e-04",0.0001,0.01,0.0001,separable,81286,0.03272
"U(0.0001,0.01), eps=1e-04",0.0001,0.01,0.0001,separable,98051,0.03655
"U(0.0001,0.01), eps=1e-04",0.0001,0.01,0.0001,separable,118275,0.04208
"U(0.0001,0.01), eps=1e-04",0.0001,0.01,0.0001,separable,142669,0.0481
"U(0.0001,0.01), eps=1e-04",0.0001,0.01,0.0001,separable,172095,0.05212
"U(0.0001,0.01), eps=1e-04",0.0001,0.01,0.0001,separable,207590,0.05847
"U(0.0001,0.01), eps=1e-04",0.0001,0.01,0.0001,separable,250406,0.0664
"U(0.0001,0.01), eps=1e-04",0.0001,0.01,0.0001,separable,302053,0.07472
"U(0.0001,0.01), eps=1e-04",0.0001,0.01,0.0001,separable,364353,0.08347
"U(0.0001,0.01), eps=1e-04",0.0001,0.01,0.0001,separable,439502,0.09292
"U(0.0001,0.01), eps=1e-04",0.0001,0.01,0.0001,separable,530150,0.10515
"U(0.0001,0.01), eps=1e-04",0.0001,0.01,0.0001,separable,639495,0.11622
"U(0.0001,0.01), eps=1e-04",0.0001,0.01,0.0001,separable,771393,0.12795
"U(0.0001,0.01), eps=1e-04",0.0001,0.01,0.0001,separable,930494,0.13965
"U(0.0001,0.01), eps=1e-04",0.0001,0.01,0.0001,separable,1122411,0.15548
"U(0.0001,0.01), eps=1e-04",0.0001,0.01,0.0001,separable,1353912,0.17078
"U(0.0001,0.01), eps=1e-04",0.0001,0.01,0.0001,separable,1633159,0.1894
"U(0.0001,0.01), eps=1e-04",0.0001,0.01,0.0001,separable,1970003,0.20972
"U(0.0001,0.01), eps=1e-04",0.0001,0.01,0.0001,separable,2376321,0.23215
"U(0.0001,0.01), eps=1e-04",0.0001,0.01,0.0001,separable,2866443,0.25595
"U(0.0001,0.01), eps=1e-04",0.0001,0.01,0.0001,separable,3457654,0.2806
"U(0.0001,0.01), eps=1e-04",0.0001,0.01,0.0001,separable,4170804,0.30885
"U(0.0001,0.01), eps=1e-04",0.0001,0.01,0.0001,separable,5031044,0.33875
"U(0.0001,0.01), eps=1e-04",0.0001,0.01,0.0001,separable,6068709,0.37138
"U(0.0001,0.01), eps=1e-04",0.0001,0.01,0.0001,separable,7320396,0.40518
"U(0.0001,0.01), eps=1e-04",0.0001,0.01,0.0001,separable,8830246,0.44253
"U(0.0001,0.01), eps=1e-04",0.0001,0.01,0.0001,separable,10651507,0.48292
"U(0.0001,0.01), eps=1e-04",0.0001,0.01,0.0001,separable,12848407,0.52235
"U(0.0001,0.01), eps=1e-04",0.0001,0.01,0.0001,linear,8565,0.1445
"U(0.0001,0.01), eps=1e-04",0.0001,0.01,0.0001,linear,10332,0.16007
"U(0.0001,0.01), eps=1e-04",0.0001,0.01,0.0001,linear,12463,0.1805
"U(0.0001,0.01), eps=1e-04",0.0001,0.01,0.0001,linear,15033,0.21055
"U(0.0001,0.01), eps=1e-04",0.0001,0.01,0.0001,linear,18134,0.22853
"U(0.0001,0.01), eps=1e-04",0.0001,0.01,0.0001,linear,21875,0.25725
"U(0.0001,0.01), eps=1e-04",0.0001,0.01,0.0001,linear,26386,0.28513
"U(0.0001,0.01), eps=1e-04",0.0001,0.01,0.0001,linear,31829,0.31945
"U(0.0001,0.01), eps=1e-04",0.0001,0.01,0.0001,linear,38394,0.35495
"U(0.0001,0.01), eps=1e-04",0.0001,0.01,0.0001,linear,46312,0.3871
"U(0.0001,0.01), eps=1e-04",0.0001,0.01,0.0001,linear,55865,0.42492
"U(0.0001,0.01), eps=1e-04",0.0001,0.01,0.0001,linear,67387,0.46915
"U(0.0001,0.01), eps=1e-04",0.0001,0.01,0.0001,linear,81286,0.52838
"U(0.0001,0.01), eps=1e-04",0.0001,0.01,0.0001,linear,98051,0.57327
"U(0.0001,0.01), eps=1e-04",0.0001,0.01,0.0001,linear,118275,0.62413
"U(0.0001,0.01), eps=1e-04",0.0001,0.01,0.0001,linear,142669,0.67295
"U(0.0001,0.01), eps=1e-04",0.0001,0.01,0.0001,linear,172095,0.7239
"U(0.0001,0.01), eps=1e-04",0.0001,0.01,0.0001,linear,207590,0.75923
"U(0.0001,0.01), eps=1e-04",0.0001,0.01,0.0001,linear,250406,0.80555
"U(0.0001,0.01), eps=1e-04",0.0001,0.01,0.0001,linear,302053,0.84508
"U(0.0001,0.01), eps=1e-04",0.0001,0.01,0.0001,linear,364353,0.87125
"U(0.0001,0.01), eps=1e-04",0.0001,0.01,0.0001,linear,439502,0.9148
"U(0.0001,0.01), eps=1e-04",0.0001,0.01,0.0001,linear,530150,0.94032
"U(0.0001,0.01), eps=1e-04",0.0001,0.01,0.0001,linear,639495,0.9547
"U(0.0001,0.01), eps=1e-04",0.0001,0.01,0.0001,linear,771393,0.97035
"U(0.0001,0.01), eps=1e-04",0.0001,0.01,0.0001,linear,930494,0.98582
"U(0.0001,0.01), eps=1e-04",0.0001,0.01,0.0001,linear,1122411,0.99157
"U(0.0001,0.01), eps=1e-04",0.0001,0.01,0.0001,linear,1353912,0.99495
"U(0.0001,0.01), eps=1e-04",0.0001,0.01,0.0001,linear,1633159,0.99872
"U(0.0001,0.01), eps=1e-04",0.0001,0.01,0.0001,linear,1970003,0.99897
"U(0.0001,0.01), eps=1e-04",0.0001,0.01,0.0001,linear,2376321,0.99928
"U(0.0001,0.01), eps=1e-04",0.0001,0.01,0.0001,linear,2866443,0.99943
"U(0.0001,0.01), eps=1e-04",0.0001,0.01,0.0001,linear,3457654,0.99943
"U(0.0001,0.01), eps=1e-04",0.0001,0.01,0.0001,linear,4170804,0.99943
"U(0.0001,0.01), eps=1e-04",0.0001,0.01,0.0001,linear,5031044,0.99938
"U(0.0001,0.01), eps=1e-04",0.0001,0.01,0.0001,linear,6068709,0.99943
"U(0.0001,0.01), eps=1e-04",0.0001,0.01,0.0001,linear,7320396,0.99938
"U(0.0001,0.01), eps=1e-04",0.0001,0.01,0.0001,linear,8830246,0.9994
"U(0.0001,0.01), eps=1e-04",0.0001,0.01,0.0001,linear,10651507,0.9994
"U(0.0001,0.01), eps=1e-04",0.0001,0.01,0.0001,linear,12848407,0.9994
"U(0.0001,0.01), eps=1e-04",0.0001,0.01,0.0001,binary,8565,0.0
"U(0.0001,0.01), eps=1e-04",0.0001,0.01,0.0001,binary,10332,0.0
"U(0.0001,0.01), eps=1e-04",0.0001,0.01,0.0001,binary,12463,0.0166
"U(0.0001,0.01), eps=1e-04",0.0001,0.01,0.0001,binary,15033,0.0166
"U(0.0001,0.01), eps=1e-04",0.0001,0.01,0.0001,binary,18134,0.0166
"U(0.0001,0.01), eps=1e-04",0.0001,0.01,0.0001,binary,21875,0.0166
"U(0.0001,0.01), eps=1e-04",0.0001,0.01,0.0001,binary,26386,0.0166
"U(0.0001,0.01), eps=1e-04",0.0001,0.01,0.0001,binary,31829,0.0166
"U(0.0001,0.01), eps=1e-04",0.0001,0.01,0.0001,binary,38394,0.01653
"U(0.0001,0.01), eps=1e-04",0.0001,0.01,0.0001,binary,46312,0.0166
"U(0.0001,0.01), eps=1e-04",0.0001,0.01,0.0001,binary,55865,0.0166
"U(0.0001,0.01), eps=1e-04",0.0001,0.01,0.0001,binary,67387,0.01517
"U(0.0001,0.01), eps=1e-04",0.0001,0.01,0.0001,binary,81286,0.0166
"U(0.0001,0.01), eps=1e-04",0.0001,0.01,0.0001,binary,98051,0.01517
"U(0.0001,0.01), eps=1e-04",0.0001,0.01,0.0001,binary,118275,0.01517
"U(0.0001,0.01), eps=1e-04",0.0001,0.01,0.0001,binary,142669,0.0149
"U(0.0001,0.01), eps=1e-04",0.0001,0.01,0.0001,binary,172095,0.0149
"U(0.0001,0.01), eps=1e-04",0.0001,0.01,0.0001,binary,207590,0.015
"U(0.0001,0.01), eps=1e-04",0.0001,0.01,0.0001,binary,250406,0.0149
"U(0.0001,0.01), eps=1e-04",0.0001,0.01,0.0001,binary,302053,0.03513
"U(0.0001,0.01), eps=1e-04",0.0001,0.01,0.0001,binary,364353,0.17355
"U(0.0001,0.01), eps=1e-04",0.0001,0.01,0.0001,binary,439502,0.4458
"U(0.0001,0.01), eps=1e-04",0.0001,0.01,0.0001,binary,530150,0.60938
"U(0.0001,0.01), eps=1e-04",0.0001,0.01,0.0001,binary,639495,0.6992
"U(0.0001,0.01), eps=1e-04",0.0001,0.01,0.0001,binary,771393,0.7454
"U(0.0001,0.01), eps=1e-04",0.0001,0.01,0.0001,binary,930494,0.7734
"U(0.0001,0.01), eps=1e-04",0.0001,0.01,0.0001,binary,1122411,0.7912
"U(0.0001,0.01), eps=1e-04",0.0001,0.01,0.0001,binary,1353912,0.81825
"U(0.0001,0.01), eps=1e-04",0.0001,0.01,0.0001,binary,1633159,0.84298
"U(0.0001,0.01), eps=1e-04",0.0001,0.01,0.0001,binary,1970003,0.87787
"U(0.0001,0.01), eps=1e-04",0.0001,0.01,0.0001,binary,2376321,0.88618
"U(0.0001,0.01), eps=1e-04",0.0001,0.01,0.0001,binary,2866443,0.90335
"U(0.0001,0.01), eps=1e-04",0.0001,0.01,0.0001,binary,3457654,0.9133
"U(0.0001,0.01), eps=1e-04",0.0001,0.01,0.0001,binary,4170804,0.9244
"U(0.0001,0.01), eps=1e-04",0.0001,0.01,0.0001,binary,5031044,0.94725
"U(0.0001,0.01), eps=1e-04",0.0001,0.01,0.0001,binary,6068709,0.95047
"U(0.0001,0.01), eps=1e-04",0.0001,0.01,0.0001,binary,7320396,0.9603
"U(0.0001,0.01), eps=1e-04",0.0001,0.01,0.0001,binary,8830246,0.96383
"U(0.0001,0.01), eps=1e-04",0.0001,0.01,0.0001,binary,10651507,0.97115
"U(0.0001,0.01), eps=1e-04",0.0001,0.01,0.0001,binary,12848407,0.97257
"U(0.0001,0.01), eps=1e-04",0.0001,0.01,0.0001,reverse_eng,8565,0.15525
"U(0.0001,0.01), eps=1e-04",0.0001,0.01,0.0001,reverse_eng,10332,0.18075
"U(0.0001,0.01), eps=1e-04",0.0001,0.01,0.0001,reverse_eng,12463,0.20802
"U(0.0001,0.01), eps=1e-04",0.0001,0.01,0.0001,reverse_eng,15033,0.23967
"U(0.0001,0.01), eps=1e-04",0.0001,0.01,0.0001,reverse_eng,18134,0.27032
"U(0.0001,0.01), eps=1e-04",0.0001,0.01,0.0001,reverse_eng,21875,0.30678
"U(0.0001,0.01), eps=1e-04",0.0001,0.01,0.0001,reverse_eng,26386,0.3401
"U(0.0001,0.01), eps=1e-04",0.0001,0.01,0.0001,reverse_eng,31829,0.3781
"U(0.0001,0.01), eps=1e-04",0.0001,0.01,0.0001,reverse_eng,38394,0.41442
"U(0.0001,0.01), eps=1e-04",0.0001,0.01,0.0001,reverse_eng,46312,0.4532
"U(0.0001,0.01), eps=1e-04",0.0001,0.01,0.0001,reverse_eng,55865,0.4967
"U(0.0001,0.01), eps=1e-04",0.0001,0.01,0.0001,reverse_eng,67387,0.54575
"U(0.0001,0.01), eps=1e-04",0.0001,0.01,0.0001,reverse_eng,81286,0.59078
"U(0.0001,0.01), eps=1e-04",0.0001,0.01,0.0001,reverse_eng,98051,0.62875
"U(0.0001,0.01), eps=1e-04",0.0001,0.01,0.0001,reverse_eng,118275,0.68263
"U(0.0001,0.01), eps=1e-04",0.0001,0.01,0.0001,reverse_eng,142669,0.72365
"U(0.0001,0.01), eps=1e-04",0.0001,0.01,0.0001,reverse_eng,172095,0.76418
"U(0.0001,0.01), eps=1e-04",0.0001,0.01,0.0001,reverse_eng,207590,0.80493
"U(0.0001,0.01), eps=1e-04",0.0001,0.01,0.0001,reverse_eng,250406,0.84057
"U(0.0001,0.01), eps=1e-04",0.0001,0.01,0.0001,reverse_eng,302053,0.86682
"U(0.0001,0.01), eps=1e-04",0.0001,0.01,0.0001,reverse_eng,364353,0.90023
"U(0.0001,0.01), eps=1e-04",0.0001,0.01,0.0001,reverse_eng,439502,0.922
"U(0.0001,0.01), eps=1e-04",0.0001,0.01,0.0001,reverse_eng,530150,0.94107
"U(0.0001,0.01), eps=1e-04",0.0001,0.01,0.0001,reverse_eng,639495,0.95847
"U(0.0001,0.01), eps=1e-04",0.0001,0.01,0.0001,reverse_eng,771393,0.97242
"U(0.0001,0.01), eps=1e-04",0.0001,0.01,0.0001,reverse_eng,930494,0.97965
"U(0.0001,0.01), eps=1e-04",0.0001,0.01,0.0001,reverse_eng,1122411,0.98657
"U(0.0001,0.01), eps=1e-04",0.0001,0.01,0.0001,reverse_eng,1353912,0.99047
"U(0.0001,0.01), eps=1e-04",0.0001,0.01,0.0001,reverse_eng,1633159,0.9922
"U(0.0001,0.01), eps=1e-04",0.0001,0.01,0.0001,reverse_eng,1970003,0.99623
"U(0.0001,0.01), eps=1e-04",0.0001,0.01,0.0001,reverse_eng,2376321,0.99787
"U(0.0001,0.01), eps=1e-04",0.0001,0.01,0.0001,reverse_eng,2866443,0.99872
"U(0.0001,0.01), eps=1e-04",0.0001,0.01,0.0001,reverse_eng,3457654,0.9989
"U(0.0001,0.01), eps=1e-04",0.0001,0.01,0.0001,reverse_eng,4170804,0.9989
"U(0.0001,0.01), eps=1e-04",0.0001,0.01,0.0001,reverse_eng,5031044,0.99897
"U(0.0001,0.01), eps=1e-04",0.0001,0.01,0.0001,reverse_eng,6068709,0.99897
"U(0.0001,0.01), eps=1e-04",0.0001,0.01,0.0001,reverse_eng,7320396,0.999
"U(0.0001,0.01), eps=1e-04",0.0001,0.01,0.0001,reverse_eng,8830246,0.99903
"U(0.0001,0.01), eps=1e-04",0.0001,0.01,0.0001,reverse_eng,10651507,0.99903
"U(0.0001,0.01), eps=1e-04",0.0001,0.01,0.0001,reverse_eng,12848407,0.99903
"U(0.0001,0.01), eps=1e-04",0.0001,0.01,0.0001,binary_risk,8565,0.1764
"U(0.0001,0.01), eps=1e-04",0.0001,0.01,0.0001,binary_risk,10332,0.21063
"U(0.0001,0.01), eps=1e-04",0.0001,0.01,0.0001,binary_risk,12463,0.24527
"U(0.0001,0.01), eps=1e-04",0.0001,0.01,0.0001,binary_risk,15033,0.27445
"U(0.0001,0.01), eps=1e-04",0.0001,0.01,0.0001,binary_risk,18134,0.30888
"U(0.0001,0.01), eps=1e-04",0.0001,0.01,0.0001,binary_risk,21875,0.34442
"U(0.0001,0.01), eps=1e-04",0.0001,0.01,0.0001,binary_risk,26386,0.3829
"U(0.0001,0.01), eps=1e-04",0.0001,0.01,0.0001,binary_risk,31829,0.41823
"U(0.0001,0.01), eps=1e-04",0.0001,0.01,0.0001,binary_risk,38394,0.46058
"U(0.0001,0.01), eps=1e-04",0.0001,0.01,0.0001,binary_risk,46312,0.49025
"U(0.0001,0.01), eps=1e-04",0.0001,0.01,0.0001,binary_risk,55865,0.5466
"U(0.0001,0.01), eps=1e-04",0.0001,0.01,0.0001,binary_risk,67387,0.5911
"U(0.0001,0.01), eps=1e-04",0.0001,0.01,0.0001,binary_risk,81286,0.63577
"U(0.0001,0.01), eps=1e-04",0.0001,0.01,0.0001,binary_risk,98051,0.6783
"U(0.0001,0.01), eps=1e-04",0.0001,0.01,0.0001,binary_risk,118275,0.72562
"U(0.0001,0.01), eps=1e-04",0.0001,0.01,0.0001,binary_risk,142669,0.7665
"U(0.0001,0.01), eps=1e-04",0.0001,0.01,0.0001,binary_risk,172095,0.80615
"U(0.0001,0.01), eps=1e-04",0.0001,0.01,0.0001,binary_risk,207590,0.8467
"U(0.0001,0.01), eps=1e-04",0.0001,0.01,0.0001,binary_risk,250406,0.8801
"U(0.0001,0.01), eps=1e-04",0.0001,0.01,0.0001,binary_risk,302053,0.91017
"U(0.0001,0.01), eps=1e-04",0.0001,0.01,0.0001,binary_risk,364353,0.93145
"U(0.0001,0.01), eps=1e-04",0.0001,0.01,0.0001,binary_risk,439502,0.94922
"U(0.0001,0.01), eps=1e-04",0.0001,0.01,0.0001,binary_risk,530150,0.96967
"U(0.0001,0.01), eps=1e-04",0.0001,0.01,0.0001,binary_risk,639495,0.98047
"U(0.0001,0.01), eps=1e-04",0.0001,0.01,0.0001,binary_risk,771393,0.98903
"U(0.0001,0.01), eps=1e-04",0.0001,0.01,0.0001,binary_risk,930494,0.99467
"U(0.0001,0.01), eps=1e-04",0.0001,0.01,0.0001,binary_risk,1122411,0.99743
"U(0.0001,0.01), eps=1e-04",0.0001,0.01,0.0001,binary_risk,1353912,0.99875
"U(0.0001,0.01), eps=1e-04",0.0001,0.01,0.0001,binary_risk,1633159,0.99948
"U(0.0001,0.01), eps=1e-04",0.0001,0.01,0.0001,binary_risk,1970003,0.99975
"U(0.0001,0.01), eps=1e-04",0.0001,0.01,0.0001,binary_risk,2376321,0.99992
"U(0.0001,0.01), eps=1e-04",0.0001,0.01,0.0001,binary_risk,2866443,1.0
"U(0.0001,0.01), eps=1e-04",0.0001,0.01,0.0001,binary_risk,3457654,1.0
"U(0.0001,0.01), eps=1e-04",0.0001,0.01,0.0001,binary_risk,4170804,1.0
"U(0.0001,0.01), eps=1e-04",0.0001,0.01,0.0001,binary_risk,5031044,1.0
"U(0.0001,0.01), eps=1e-04",0.0001,0.01,0.0001,binary_risk,6068709,1.0
"U(0.0001,0.01), eps=1e-04",0.0001,0.01,0.0001,binary_risk,7320396,0.99995
"U(0.0001,0.01), eps=1e-04",0.0001,0.01,0.0001,binary_risk,8830246,1.0
"U(0.0001,0.01), eps=1e-04",0.0001,0.01,0.0001,binary_risk,10651507,1.0
"U(0.0001,0.01), eps=1e-04",0.0001,0.01,0.0001,binary_risk,12848407,1.0
"U(0.0001,0.01), eps=1e-04",0.0001,0.01,0.0001,reverse_eng_risk,8565,0.15575
"U(0.0001,0.01), eps=1e-04",0.0001,0.01,0.0001,reverse_eng_risk,10332,0.18332
"U(0.0001,0.01), eps=1e-04",0.0001,0.01,0.0001,reverse_eng_risk,12463,0.21445
"U(0.0001,0.01), eps=1e-04",0.0001,0.01,0.0001,reverse_eng_risk,15033,0.24518
"U(0.0001,0.01), eps=1e-04",0.0001,0.01,0.0001,reverse_eng_risk,18134,0.27932
"U(0.0001,0.01), eps=1e-04",0.0001,0.01,0.0001,reverse_eng_risk,21875,0.31352
"U(0.0001,0.01), eps=1e-04",0.0001,0.01,0.0001,reverse_eng_risk,26386,0.35018
"U(0.0001,0.01), eps=1e-04",0.0001,0.01,0.0001,reverse_eng_risk,31829,0.3865
"U(0.0001,0.01), eps=1e-04",0.0001,0.01,0.0001,reverse_eng_risk,38394,0.428
"U(0.0001,0.01), eps=1e-04",0.0001,0.01,0.0001,reverse_eng_risk,46312,0.47005
"U(0.0001,0.01), eps=1e-04",0.0001,0.01,0.0001,reverse_eng_risk,55865,0.5169
"U(0.0001,0.01), eps=1e-04",0.0001,0.01,0.0001,reverse_eng_risk,67387,0.5664
"U(0.0001,0.01), eps=1e-04",0.0001,0.01,0.0001,reverse_eng_risk,81286,0.61852
"U(0.0001,0.01), eps=1e-04",0.0001,0.01,0.0001,reverse_eng_risk,98051,0.66705
"U(0.0001,0.01), eps=1e-04",0.0001,0.01,0.0001,reverse_eng_risk,118275,0.71122
"U(0.0001,0.01), eps=1e-04",0.0001,0.01,0.0001,reverse_eng_risk,142669,0.7548
"U(0.0001,0.01), eps=1e-04",0.0001,0.01,0.0001,reverse_eng_risk,172095,0.7974
"U(0.0001,0.01), eps=1e-04",0.0001,0.01,0.0001,reverse_eng_risk,207590,0.83608
"U(0.0001,0.01), eps=1e-04",0.0001,0.01,0.0001,reverse_eng_risk,250406,0.87415
"U(0.0001,0.01), eps=1e-04",0.0001,0.01,0.0001,reverse_eng_risk,302053,0.9016
"U(0.0001,0.01), eps=1e-04",0.0001,0.01,0.0001,reverse_eng_risk,364353,0.92922
"U(0.0001,0.01), eps=1e-04",0.0001,0.01,0.0001,reverse_eng_risk,439502,0.9477
"U(0.0001,0.01), eps=1e-04",0.0001,0.01,0.0001,reverse_eng_risk,530150,0.96765
"U(0.0001,0.01), eps=1e-04",0.0001,0.01,0.0001,reverse_eng_risk,639495,0.97885
"U(0.0001,0.01), eps=1e-04",0.0001,0.01,0.0001,reverse_eng_risk,771393,0.98767
"U(0.0001,0.01), eps=1e-04",0.0001,0.01,0.0001,reverse_eng_risk,930494,0.99362
"U(0.0001,0.01), eps=1e-04",0.0001,0.01,0.0001,reverse_eng_risk,1122411,0.99715
"U(0.0001,0.01), eps=1e-04",0.0001,0.01,0.0001,reverse_eng_risk,1353912,0.99905
"U(0.0001,0.01), eps=1e-04",0.0001,0.01,0.0001,reverse_eng_risk,1633159,0.99933
"U(0.0001,0.01), eps=1e-04",0.0001,0.01,0.0001,reverse_eng_risk,1970003,0.99965
"U(0.0001,0.01), eps=1e-04",0.0001,0.01,0.0001,reverse_eng_risk,2376321,0.9998
"U(0.0001,0.01), eps=1e-04",0.0001,0.01,0.0001,reverse_eng_risk,2866443,0.99997
"U(0.0001,0.01), eps=1e-04",0.0001,0.01,0.0001,reverse_eng_risk,3457654,1.0
"U(0.0001,0.01), eps=1e-04",0.0001,0.01,0.0001,reverse_eng_risk,4170804,1.0
"U(0.0001,0.01), eps=1e-04",0.0001,0.01,0.0001,reverse_eng_risk,5031044,1.0
"U(0.0001,0.01), eps=1e-04",0.0001,0.01,0.0001,reverse_eng_risk,6068709,1.0
"U(0.0001,0.01), eps=1e-04",0.0001,0.01,0.0001,reverse_eng_risk,7320396,1.0
"U(0.0001,0.01), eps=1e-04",0.0001,0.01,0.0001,reverse_eng_risk,8830246,1.0
"U(0.0001,0.01), eps=1e-04",0.0001,0.01,0.0001,reverse_eng_risk,10651507,1.0
"U(0.0001,0.01), eps=1e-04",0.0001,0.01,0.0001,reverse_eng_risk,12848407,1.0
"U(0.0001,0.01), eps=1e-06",0.0001,0.01,1e-06,brute,85656050,0.1844
"U(0.0001,0.01), eps=1e-06",0.0001,0.01,1e-06,brute,103322828,0.20253
"U(0.0001,0.01), eps=1e-06",0.0001,0.01,1e-06,brute,124633422,0.2218
"U(0.0001,0.01), eps=1e-06",0.0001,0.01,1e-06,brute,150339381,0.24293
"U(0.0001,0.01), eps=1e-06",0.0001,0.01,1e-06,brute,181347259,0.26515
"U(0.0001,0.01), eps=1e-06",0.0001,0.01,1e-06,brute,218750591,0.29095
"U(0.0001,0.01), eps=1e-06",0.0001,0.01,1e-06,brute,263868453,0.31727
"U(0.0001,0.01), eps=1e-06",0.0001,0.01,1e-06,brute,318291990,0.34642
"U(0.0001,0.01), eps=1e-06",0.0001,0.01,1e-06,brute,383940518,0.37795
"U(0.0001,0.01), eps=1e-06",0.0001,0.01,1e-06,brute,463129222,0.41108
"U(0.0001,0.01), eps=1e-06",0.0001,0.01,1e-06,brute,558650796,0.4471
"U(0.0001,0.01), eps=1e-06",0.0001,0.01,1e-06,brute,673873936,0.48555
"U(0.0001,0.01), eps=1e-06",0.0001,0.01,1e-06,brute,812862141,0.5254
"U(0.0001,0.01), eps=1e-06",0.0001,0.01,1e-06,brute,980517014,0.56635
"U(0.0001,0.01), eps=1e-06",0.0001,0.01,1e-06,brute,1182751130,0.61142
"U(0.0001,0.01), eps=1e-06",0.0001,0.01,1e-06,brute,1426696543,0.65792
"U(0.0001,0.01), eps=1e-06",0.0001,0.01,1e-06,brute,1720956316,0.70335
"U(0.0001,0.01), eps=1e-06",0.0001,0.01,1e-06,brute,2075907911,0.7477
"U(0.0001,0.01), eps=1e-06",0.0001,0.01,1e-06,brute,2504069171,0.7926
"U(0.0001,0.01), eps=1e-06",0.0001,0.01,1e-06,brute,3020539774,0.83373
"U(0.0001,0.01), eps=1e-06",0.0001,0.01,1e-06,brute,3643533745,0.87105
"U(0.0001,0.01), eps=1e-06",0.0001,0.01,1e-06,brute,4395021800,0.90402
"U(0.0001,0.01), eps=1e-06",0.0001,0.01,1e-06,brute,5301506168,0.93263
"U(0.0001,0.01), eps=1e-06",0.0001,0.01,1e-06,brute,6394955231,0.95435
"U(0.0001,0.01), eps=1e-06",0.0001,0.01,1e-06,brute,7713930929,0.97157
"U(0.0001,0.01), eps=1e-06",0.0001,0.01,1e-06,brute,9304948704,0.98365
"U(0.0001,0.01), eps=1e-06",0.0001,0.01,1e-06,brute,11224117920,0.99223
"U(0.0001,0.01), eps=1e-06",0.0001,0.01,1e-06,brute,13539120643,0.9967
"U(0.0001,0.01), eps=1e-06",0.0001,0.01,1e-06,brute,16331598536,0.9987
"U(0.0001,0.01), eps=1e-06",0.0001,0.01,1e-06,brute,19700032061,0.99967
"U(0.0001,0.01), eps=1e-06",0.0001,0.01,1e-06,brute,23763213523,0.9999
"U(0.0001,0.01), eps=1e-06",0.0001,0.01,1e-06,brute,28664436445,0.99997
"U(0.0001,0.01), eps=1e-06",0.0001,0.01,1e-06,brute,34576548996,1.0
"U(0.0001,0.01), eps=1e-06",0.0001,0.01,1e-06,brute,41708049721,1.0
"U(0.0001,0.01), eps=1e-06",0.0001,0.01,1e-06,brute,50310440517,1.0
"U(0.0001,0.01), eps=1e-06",0.0001,0.01,1e-06,brute,60687096183,1.0
"U(0.0001,0.01), eps=1e-06",0.0001,0.01,1e-06,brute,73203963337,1.0
"U(0.0001,0.01), eps=1e-06",0.0001,0.01,1e-06,brute,88302466015,1.0
"U(0.0001,0.01), eps=1e-06",0.0001,0.01,1e-06,brute,106515073078,1.0
"U(0.0001,0.01), eps=1e-06",0.0001,0.01,1e-06,brute,128484076433,1.0
"U(0.0001,0.01), eps=1e-06",0.0001,0.01,1e-06,separable,85656050,0.01507
"U(0.0001,0.01), eps=1e-06",0.0001,0.01,1e-06,separable,103322828,0.01678
"U(0.0001,0.01), eps=1e-06",0.0001,0.01,1e-06,separable,124633422,0.01825
"U(0.0001,0.01), eps=1e-06",0.0001,0.01,1e-06,separable,150339381,0.0203
"U(0.0001,0.01), eps=1e-06",0.0001,0.01,1e-06,separable,181347259,0.02243
"U(0.0001,0.01), eps=1e-06",0.0001,0.01,1e-06,separable,218750591,0.02438
"U(0.0001,0.01), eps=1e-06",0.0001,0.01,1e-06,separable,263868453,0.0271
"U(0.0001,0.01), eps=1e-06",0.0001,0.01,1e-06,separable,318291990,0.0298
"U(0.0001,0.01), eps=1e-06",0.0001,0.01,1e-06,separable,383940518,0.0323
"U(0.0001,0.01), eps=1e-06",0.0001,0.01,1e-06,separable,463129222,0.03525
"U(0.0001,0.01), eps=1e-06",0.0001,0.01,1e-06,separable,558650796,0.0379
"U(0.0001,0.01), eps=1e-06",0.0001,0.01,1e-06,separable,673873936,0.042
"U(0.0001,0.01), eps=1e-06",0.0001,0.01,1e-06,separable,812862141,0.04632
"U(0.0001,0.01), eps=1e-06",0.0001,0.01,1e-06,separable,980517014,0.05047
"U(0.0001,0.01), eps=1e-06",0.0001,0.01,1e-06,separable,1182751130,0.0555
"U(0.0001,0.01), eps=1e-06",0.0001,0.01,1e-06,separable,1426696543,0.0615
"U(0.0001,0.01), eps=1e-06",0.0001,0.01,1e-06,separable,1720956316,0.0677
"U(0.0001,0.01), eps=1e-06",0.0001,0.01,1e-06,separable,2075907911,0.07447
"U(0.0001,0.01), eps=1e-06",0.0001,0.01,1e-06,separable,2504069171,0.0818
"U(0.0001,0.01), eps=1e-06",0.0001,0.01,1e-06,separable,3020539774,0.08987
"U(0.0001,0.01), eps=1e-06",0.0001,0.01,1e-06,separable,3643533745,0.09853
"U(0.0001,0.01), eps=1e-06",0.0001,0.01,1e-06,separable,4395021800,0.10842
"U(0.0001,0.01), eps=1e-06",0.0001,0.01,1e-06,separable,5301506168,0.11885
"U(0.0001,0.01), eps=1e-06",0.0001,0.01,1e-06,separable,6394955231,0.1297
"U(0.0001,0.01), eps=1e-06",0.0001,0.01,1e-06,separable,7713930929,0.1416
"U(0.0001,0.01), eps=1e-06",0.0001,0.01,1e-06,separable,9304948704,0.15493
"U(0.0001,0.01), eps=1e-06",0.0001,0.01,1e-06,separable,11224117920,0.1691
"U(0.0001,0.01), eps=1e-06",0.0001,0.01,1e-06,separable,13539120643,0.18545
"U(0.0001,0.01), eps=1e-06",0.0001,0.01,1e-06,separable,16331598536,0.20325
"U(0.0001,0.01), eps=1e-06",0.0001,0.01,1e-06,separable,19700032061,0.22278
"U(0.0001,0.01), eps=1e-06",0.0001,0.01,1e-06,separable,23763213523,0.24415
"U(0.0001,0.01), eps=1e-06",0.0001,0.01,1e-06,separable,28664436445,0.26658
"U(0.0001,0.01), eps=1e-06",0.0001,0.01,1e-06,separable,34576548996,0.29263
"U(0.0001,0.01), eps=1e-06",0.0001,0.01,1e-06,separable,41708049721,0.31853
"U(0.0001,0.01), eps=1e-06",0.0001,0.01,1e-06,separable,50310440517,0.3476
"U(0.0001,0.01), eps=1e-06",0.0001,0.01,1e-06,separable,60687096183,0.37893
"U(0.0001,0.01), eps=1e-06",0.0001,0.01,1e-06,separable,73203963337,0.4123
"U(0.0001,0.01), eps=1e-06",0.0001,0.01,1e-06,separable,88302466015,0.44817
"U(0.0001,0.01), eps=1e-06",0.0001,0.01,1e-06,separable,106515073078,0.4876
"U(0.0001,0.01), eps=1e-06",0.0001,0.01,1e-06,separable,128484076433,0.52677
"U(0.0001,0.01), eps=1e-06",0.0001,0.01,1e-06,linear,85656050,0.23092
"U(0.0001,0.01), eps=1e-06",0.0001,0.01,1e-06,linear,103322828,0.25307
"U(0.0001,0.01), eps=1e-06",0.0001,0.01,1e-06,linear,124633422,0.27868
"U(0.0001,0.01), eps=1e-06",0.0001,0.01,1e-06,linear,150339381,0.30452
"U(0.0001,0.01), eps=1e-06",0.0001,0.01,1e-06,linear,181347259,0.33322
"U(0.0001,0.01), eps=1e-06",0.0001,0.01,1e-06,linear,218750591,0.36507
"U(0.0001,0.01), eps=1e-06",0.0001,0.01,1e-06,linear,263868453,0.396
"U(0.0001,0.01), eps=1e-06",0.0001,0.01,1e-06,linear,318291990,0.43295
"U(0.0001,0.01), eps=1e-06",0.0001,0.01,1e-06,linear,383940518,0.46873
"U(0.0001,0.01), eps=1e-06",0.0001,0.01,1e-06,linear,463129222,0.51097
"U(0.0001,0.01), eps=1e-06",0.0001,0.01,1e-06,linear,558650796,0.54965
"U(0.0001,0.01), eps=1e-06",0.0001,0.01,1e-06,linear,673873936,0.594
"U(0.0001,0.01), eps=1e-06",0.0001,0.01,1e-06,linear,812862141,0.63482
"U(0.0001,0.01), eps=1e-06",0.0001,0.01,1e-06,linear,980517014,0.67543
"U(0.0001,0.01), eps=1e-06",0.0001,0.01,1e-06,linear,1182751130,0.7203
"U(0.0001,0.01), eps=1e-06",0.0001,0.01,1e-06,linear,1426696543,0.76428
"U(0.0001,0.01), eps=1e-06",0.0001,0.01,1e-06,linear,1720956316,0.80435
"U(0.0001,0.01), eps=1e-06",0.0001,0.01,1e-06,linear,2075907911,0.83337
"U(0.0001,0.01), eps=1e-06",0.0001,0.01,1e-06,linear,2504069171,0.86772
"U(0.0001,0.01), eps=1e-06",0.0001,0.01,1e-06,linear,3020539774,0.90035
"U(0.0001,0.01), eps=1e-06",0.0001,0.01,1e-06,linear,3643533745,0.92895
"U(0.0001,0.01), eps=1e-06",0.0001,0.01,1e-06,linear,4395021800,0.95052
"U(0.0001,0.01), eps=1e-06",0.0001,0.01,1e-06,linear,5301506168,0.96915
"U(0.0001,0.01), eps=1e-06",0.0001,0.01,1e-06,linear,6394955231,0.98018
"U(0.0001,0.01), eps=1e-06",0.0001,0.01,1e-06,linear,7713930929,0.98472
"U(0.0001,0.01), eps=1e-06",0.0001,0.01,1e-06,linear,9304948704,0.99305
"U(0.0001,0.01), eps=1e-06",0.0001,0.01,1e-06,linear,11224117920,0.99582
"U(0.0001,0.01), eps=1e-06",0.0001,0.01,1e-06,linear,13539120643,0.99818
"U(0.0001,0.01), eps=1e-06",0.0001,0.01,1e-06,linear,16331598536,0.9981
"U(0.0001,0.01), eps=1e-06",0.0001,0.01,1e-06,linear,19700032061,0.9993
"U(0.0001,0.01), eps=1e-06",0.0001,0.01,1e-06,linear,23763213523,0.9992
"U(0.0001,0.01), eps=1e-06",0.0001,0.01,1e-06,linear,28664436445,0.99923
"U(0.0001,0.01), eps=1e-06",0.0001,0.01,1e-06,linear,34576548996,0.99923
"U(0.0001,0.01), eps=1e-06",0.0001,0.01,1e-06,linear,41708049721,0.99923
"U(0.0001,0.01), eps=1e-06",0.0001,0.01,1e-06,linear,50310440517,0.99923
"U(0.0001,0.01), eps=1e-06",0.0001,0.01,1e-06,linear,60687096183,0.99923
"U(0.0001,0.01), eps=1e-06",0.0001,0.01,1e-06,linear,73203963337,0.99923
"U(0.0001,0.01), eps=1e-06",0.0001,0.01,1e-06,linear,88302466015,0.99923
"U(0.0001,0.01), eps=1e-06",0.0001,0.01,1e-06,linear,106515073078,0.99923
"U(0.0001,0.01), eps=1e-06",0.0001,0.01,1e-06,linear,128484076433,0.99923
"U(0.0001,0.01), eps=1e-06",0.0001,0.01,1e-06,binary,85656050,0.21745
"U(0.0001,0.01), eps=1e-06",0.0001,0.01,1e-06,binary,103322828,0.2396
"U(0.0001,0.01), eps=1e-06",0.0001,0.01,1e-06,binary,124633422,0.26388
"U(0.0001,0.01), eps=1e-06",0.0001,0.01,1e-06,binary,150339381,0.27992
"U(0.0001,0.01), eps=1e-06",0.0001,0.01,1e-06,binary,181347259,0.32203
"U(0.0001,0.01), eps=1e-06",0.0001,0.01,1e-06,binary,218750591,0.35363
"U(0.0001,0.01), eps=1e-06",0.0001,0.01,1e-06,binary,263868453,0.38505
"U(0.0001,0.01), eps=1e-06",0.0001,0.01,1e-06,binary,318291990,0.4168
"U(0.0001,0.01), eps=1e-06",0.0001,0.01,1e-06,binary,383940518,0.45232
"U(0.0001,0.01), eps=1e-06",0.0001,0.01,1e-06,binary,463129222,0.49885
"U(0.0001,0.01), eps=1e-06",0.0001,0.01,1e-06,binary,558650796,0.53897
"U(0.0001,0.01), eps=1e-06",0.0001,0.01,1e-06,binary,673873936,0.57735
"U(0.0001,0.01), eps=1e-06",0.0001,0.01,1e-06,binary,812862141,0.61818
"U(0.0001,0.01), eps=1e-06",0.0001,0.01,1e-06,binary,980517014,0.6598
"U(0.0001,0.01), eps=1e-06",0.0001,0.01,1e-06,binary,1182751130,0.69468
"U(0.0001,0.01), eps=1e-06",0.0001,0.01,1e-06,binary,1426696543,0.71562
"U(0.0001,0.01), eps=1e-06",0.0001,0.01,1e-06,binary,1720956316,0.77217
"U(0.0001,0.01), eps=1e-06",0.0001,0.01,1e-06,binary,2075907911,0.811
"U(0.0001,0.01), eps=1e-06",0.0001,0.01,1e-06,binary,2504069171,0.84588
"U(0.0001,0.01), eps=1e-06",0.0001,0.01,1e-06,binary,3020539774,0.87785
"U(0.0001,0.01), eps=1e-06",0.0001,0.01,1e-06,binary,3643533745,0.90975
"U(0.0001,0.01), eps=1e-06",0.0001,0.01,1e-06,binary,4395021800,0.939
"U(0.0001,0.01), eps=1e-06",0.0001,0.01,1e-06,binary,5301506168,0.95713
"U(0.0001,0.01), eps=1e-06",0.0001,0.01,1e-06,binary,6394955231,0.97135
"U(0.0001,0.01), eps=1e-06",0.0001,0.01,1e-06,binary,7713930929,0.98088
"U(0.0001,0.01), eps=1e-06",0.0001,0.01,1e-06,binary,9304948704,0.98877
"U(0.0001,0.01), eps=1e-06",0.0001,0.01,1e-06,binary,11224117920,0.99335
"U(0.0001,0.01), eps=1e-06",0.0001,0.01,1e-06,binary,13539120643,0.99623
"U(0.0001,0.01), eps=1e-06",0.0001,0.01,1e-06,binary,16331598536,0.99718
"U(0.0001,0.01), eps=1e-06",0.0001,0.01,1e-06,binary,19700032061,0.99808
"U(0.0001,0.01), eps=1e-06",0.0001,0.01,1e-06,binary,23763213523,0.99825
"U(0.0001,0.01), eps=1e-06",0.0001,0.01,1e-06,binary,28664436445,0.9983
"U(0.0001,0.01), eps=1e-06",0.0001,0.01,1e-06,binary,34576548996,0.99833
"U(0.0001,0.01), eps=1e-06",0.0001,0.01,1e-06,binary,41708049721,0.99833
"U(0.0001,0.01), eps=1e-06",0.0001,0.01,1e-06,binary,50310440517,0.99833
"U(0.0001,0.01), eps=1e-06",0.0001,0.01,1e-06,binary,60687096183,0.99833
"U(0.0001,0.01), eps=1e-06",0.0001,0.01,1e-06,binary,73203963337,0.99833
"U(0.0001,0.01), eps=1e-06",0.0001,0.01,1e-06,binary,88302466015,0.99833
"U(0.0001,0.01), eps=1e-06",0.0001,0.01,1e-06,binary,106515073078,0.99833
"U(0.0001,0.01), eps=1e-06",0.0001,0.01,1e-06,binary,128484076433,0.99833
"U(0.0001,0.01), eps=1e-06",0.0001,0.01,1e-06,reverse_eng,85656050,0.29297
"U(0.0001,0.01), eps=1e-06",0.0001,0.01,1e-06,reverse_eng,103322828,0.31893
"U(0.0001,0.01), eps=1e-06",0.0001,0.01,1e-06,reverse_eng,124633422,0.34723
"U(0.0001,0.01), eps=1e-06",0.0001,0.01,1e-06,reverse_eng,150339381,0.37835
"U(0.0001,0.01), eps=1e-06",0.0001,0.01,1e-06,reverse_eng,181347259,0.40932
"U(0.0001,0.01), eps=1e-06",0.0001,0.01,1e-06,reverse_eng,218750591,0.44183
"U(0.0001,0.01), eps=1e-06",0.0001,0.01,1e-06,reverse_eng,263868453,0.47447
"U(0.0001,0.01), eps=1e-06",0.0001,0.01,1e-06,reverse_eng,318291990,0.50933
"U(0.0001,0.01), eps=1e-06",0.0001,0.01,1e-06,reverse_eng,383940518,0.5465
"U(0.0001,0.01), eps=1e-06",0.0001,0.01,1e-06,reverse_eng,463129222,0.58435
"U(0.0001,0.01), eps=1e-06",0.0001,0.01,1e-06,reverse_eng,558650796,0.62257
"U(0.0001,0.01), eps=1e-06",0.0001,0.01,1e-06,reverse_eng,673873936,0.66138
"U(0.0001,0.01), eps=1e-06",0.0001,0.01,1e-06,reverse_eng,812862141,0.7032
"U(0.0001,0.01), eps=1e-06",0.0001,0.01,1e-06,reverse_eng,980517014,0.73913
"U(0.0001,0.01), eps=1e-06",0.0001,0.01,1e-06,reverse_eng,1182751130,0.77733
"U(0.0001,0.01), eps=1e-06",0.0001,0.01,1e-06,reverse_eng,1426696543,0.81232
"U(0.0001,0.01), eps=1e-06",0.0001,0.01,1e-06,reverse_eng,1720956316,0.84625
"U(0.0001,0.01), eps=1e-06",0.0001,0.01,1e-06,reverse_eng,2075907911,0.87545
"U(0.0001,0.01), eps=1e-06",0.0001,0.01,1e-06,reverse_eng,2504069171,0.90373
"U(0.0001,0.01), eps=1e-06",0.0001,0.01,1e-06,reverse_eng,3020539774,0.92535
"U(0.0001,0.01), eps=1e-06",0.0001,0.01,1e-06,reverse_eng,3643533745,0.947
"U(0.0001,0.01), eps=1e-06",0.0001,0.01,1e-06,reverse_eng,4395021800,0.9549
"U(0.0001,0.01), eps=1e-06",0.0001,0.01,1e-06,reverse_eng,5301506168,0.97362
"U(0.0001,0.01), eps=1e-06",0.0001,0.01,1e-06,reverse_eng,6394955231,0.981
"U(0.0001,0.01), eps=1e-06",0.0001,0.01,1e-06,reverse_eng,7713930929,0.98733
"U(0.0001,0.01), eps=1e-06",0.0001,0.01,1e-06,reverse_eng,9304948704,0.99465
"U(0.0001,0.01), eps=1e-06",0.0001,0.01,1e-06,reverse_eng,11224117920,0.99695
"U(0.0001,0.01), eps=1e-06",0.0001,0.01,1e-06,reverse_eng,13539120643,0.9984
"U(0.0001,0.01), eps=1e-06",0.0001,0.01,1e-06,reverse_eng,16331598536,0.99887
"U(0.0001,0.01), eps=1e-06",0.0001,0.01,1e-06,reverse_eng,19700032061,0.9995
"U(0.0001,0.01), eps=1e-06",0.0001,0.01,1e-06,reverse_eng,23763213523,0.99962
"U(0.0001,0.01), eps=1e-06",0.0001,0.01,1e-06,reverse_eng,28664436445,0.99967
"U(0.0001,0.01), eps=1e-06",0.0001,0.01,1e-06,reverse_eng,34576548996,0.9997
"U(0.0001,0.01), eps=1e-06",0.0001,0.01,1e-06,reverse_eng,41708049721,0.9997
"U(0.0001,0.01), eps=1e-06",0.0001,0.01,1e-06,reverse_eng,50310440517,0.9997
"U(0.0001,0.01), eps=1e-06",0.0001,0.01,1e-06,reverse_eng,60687096183,0.9997
"U(0.0001,0.01), eps=1e-06",0.0001,0.01,1e-06,reverse_eng,73203963337,0.9997
"U(0.0001,0.01), eps=1e-06",0.0001,0.01,1e-06,reverse_eng,88302466015,0.9997
"U(0.0001,0.01), eps=1e-06",0.0001,0.01,1e-06,reverse_eng,106515073078,0.9997
"U(0.0001,0.01), eps=1e-06",0.0001,0.01,1e-06,reverse_eng,128484076433,0.9997
"U(0.0001,0.01), eps=1e-06",0.0001,0.01,1e-06,binary_risk,85656050,0.3061
"U(0.0001,0.01), eps=1e-06",0.0001,0.01,1e-06,binary_risk,103322828,0.33327
"U(0.0001,0.01), eps=1e-06",0.0001,0.01,1e-06,binary_risk,124633422,0.36112
"U(0.0001,0.01), eps=1e-06",0.0001,0.01,1e-06,binary_risk,150339381,0.3925
"U(0.0001,0.01), eps=1e-06",0.0001,0.01,1e-06,binary_risk,181347259,0.42438
"U(0.0001,0.01), eps=1e-06",0.0001,0.01,1e-06,binary_risk,218750591,0.42352
"U(0.0001,0.01), eps=1e-06",0.0001,0.01,1e-06,binary_risk,263868453,0.45992
"U(0.0001,0.01), eps=1e-06",0.0001,0.01,1e-06,binary_risk,318291990,0.49722
"U(0.0001,0.01), eps=1e-06",0.0001,0.01,1e-06,binary_risk,383940518,0.53492
"U(0.0001,0.01), eps=1e-06",0.0001,0.01,1e-06,binary_risk,463129222,0.57273
"U(0.0001,0.01), eps=1e-06",0.0001,0.01,1e-06,binary_risk,558650796,0.61157
"U(0.0001,0.01), eps=1e-06",0.0001,0.01,1e-06,binary_risk,673873936,0.65202
"U(0.0001,0.01), eps=1e-06",0.0001,0.01,1e-06,binary_risk,812862141,0.68507
"U(0.0001,0.01), eps=1e-06",0.0001,0.01,1e-06,binary_risk,980517014,0.75265
"U(0.0001,0.01), eps=1e-06",0.0001,0.01,1e-06,binary_risk,1182751130,0.7705
"U(0.0001,0.01), eps=1e-06",0.0001,0.01,1e-06,binary_risk,1426696543,0.80678
"U(0.0001,0.01), eps=1e-06",0.0001,0.01,1e-06,binary_risk,1720956316,0.83867
"U(0.0001,0.01), eps=1e-06",0.0001,0.01,1e-06,binary_risk,2075907911,0.87597
"U(0.0001,0.01), eps=1e-06",0.0001,0.01,1e-06,binary_risk,2504069171,0.90058
"U(0.0001,0.01), eps=1e-06",0.0001,0.01,1e-06,binary_risk,3020539774,0.92875
"U(0.0001,0.01), eps=1e-06",0.0001,0.01,1e-06,binary_risk,3643533745,0.94665
"U(0.0001,0.01), eps=1e-06",0.0001,0.01,1e-06,binary_risk,4395021800,0.96293
"U(0.0001,0.01), eps=1e-06",0.0001,0.01,1e-06,binary_risk,5301506168,0.97698
"U(0.0001,0.01), eps=1e-06",0.0001,0.01,1e-06,binary_risk,6394955231,0.9838
"U(0.0001,0.01), eps=1e-06",0.0001,0.01,1e-06,binary_risk,7713930929,0.9909
"U(0.0001,0.01), eps=1e-06",0.0001,0.01,1e-06,binary_risk,9304948704,0.99457
"U(0.0001,0.01), eps=1e-06",0.0001,0.01,1e-06,binary_risk,11224117920,0.9983
"U(0.0001,0.01), eps=1e-06",0.0001,0.01,1e-06,binary_risk,13539120643,0.9992
"U(0.0001,0.01), eps=1e-06",0.0001,0.01,1e-06,binary_risk,16331598536,0.99962
"U(0.0001,0.01), eps=1e-06",0.0001,0.01,1e-06,binary_risk,19700032061,0.99897
"U(0.0001,0.01), eps=1e-06",0.0001,0.01,1e-06,binary_risk,23763213523,0.9996
"U(0.0001,0.01), eps=1e-06",0.0001,0.01,1e-06,binary_risk,28664436445,0.99975
"U(0.0001,0.01), eps=1e-06",0.0001,0.01,1e-06,binary_risk,34576548996,0.99992
"U(0.0001,0.01), eps=1e-06",0.0001,0.01,1e-06,binary_risk,41708049721,0.99995
"U(0.0001,0.01), eps=1e-06",0.0001,0.01,1e-06,binary_risk,50310440517,1.0
"U(0.0001,0.01), eps=1e-06",0.0001,0.01,1e-06,binary_risk,60687096183,1.0
"U(0.0001,0.01), eps=1e-06",0.0001,0.01,1e-06,binary_risk,73203963337,1.0
"U(0.0001,0.01), eps=1e-06",0.0001,0.01,1e-06,binary_risk,88302466015,1.0
"U(0.0001,0.01), eps=1e-06",0.0001,0.01,1e-06,binary_risk,106515073078,1.0
"U(0.0001,0.01), eps=1e-06",0.0001,0.01,1e-06,binary_risk,128484076433,1.0
"U(0.0001,0.01), eps=1e-06",0.0001,0.01,1e-06,reverse_eng_risk,85656050,0.30333
"U(0.0001,0.01), eps=1e-06",0.0001,0.01,1e-06,reverse_eng_risk,103322828,0.33225
"U(0.0001,0.01), eps=1e-06",0.0001,0.01,1e-06,reverse_eng_risk,124633422,0.35837
"U(0.0001,0.01), eps=1e-06",0.0001,0.01,1e-06,reverse_eng_risk,150339381,0.38972
"U(0.0001,0.01), eps=1e-06",0.0001,0.01,1e-06,reverse_eng_risk,181347259,0.4208
"U(0.0001,0.01), eps=1e-06",0.0001,0.01,1e-06,reverse_eng_risk,218750591,0.45125
"U(0.0001,0.01), eps=1e-06",0.0001,0.01,1e-06,reverse_eng_risk,263868453,0.48688
"U(0.0001,0.01), eps=1e-06",0.0001,0.01,1e-06,reverse_eng_risk,318291990,0.52645
"U(0.0001,0.01), eps=1e-06",0.0001,0.01,1e-06,reverse_eng_risk,383940518,0.55873
"U(0.0001,0.01), eps=1e-06",0.0001,0.01,1e-06,reverse_eng_risk,463129222,0.59745
"U(0.0001,0.01), eps=1e-06",0.0001,0.01,1e-06,reverse_eng_risk,558650796,0.63807
"U(0.0001,0.01), eps=1e-06",0.0001,0.01,1e-06,reverse_eng_risk,673873936,0.67773
"U(0.0001,0.01), eps=1e-06",0.0001,0.01,1e-06,reverse_eng_risk,812862141,0.71723
"U(0.0001,0.01), eps=1e-06",0.0001,0.01,1e-06,reverse_eng_risk,980517014,0.75165
"U(0.0001,0.01), eps=1e-06",0.0001,0.01,1e-06,reverse_eng_risk,1182751130,0.79085
"U(0.0001,0.01), eps=1e-06",0.0001,0.01,1e-06,reverse_eng_risk,1426696543,0.82442
"U(0.0001,0.01), eps=1e-06",0.0001,0.01,1e-06,reverse_eng_risk,1720956316,0.85435
"U(0.0001,0.01), eps=1e-06",0.0001,0.01,1e-06,reverse_eng_risk,2075907911,0.88545
"U(0.0001,0.01), eps=1e-06",0.0001,0.01,1e-06,reverse_eng_risk,2504069171,0.91245
"U(0.0001,0.01), eps=1e-06",0.0001,0.01,1e-06,reverse_eng_risk,3020539774,0.93368
"U(0.0001,0.01), eps=1e-06",0.0001,0.01,1e-06,reverse_eng_risk,3643533745,0.95252
"U(0.0001,0.01), eps=1e-06",0.0001,0.01,1e-06,reverse_eng_risk,4395021800,0.96852
"U(0.0001,0.01), eps=1e-06",0.0001,0.01,1e-06,reverse_eng_risk,5301506168,0.98018
"U(0.0001,0.01), eps=1e-06",0.0001,0.01,1e-06,reverse_eng_risk,6394955231,0.98795
"U(0.0001,0.01), eps=1e-06",0.0001,0.01,1e-06,reverse_eng_risk,7713930929,0.9935
"U(0.0001,0.01), eps=1e-06",0.0001,0.01,1e-06,reverse_eng_risk,9304948704,0.99547
"U(0.0001,0.01), eps=1e-06",0.0001,0.01,1e-06,reverse_eng_risk,11224117920,0.99818
"U(0.0001,0.01), eps=1e-06",0.0001,0.01,1e-06,reverse_eng_risk,13539120643,0.99918
"U(0.0001,0.01), eps=1e-06",0.0001,0.01,1e-06,reverse_eng_risk,16331598536,0.99965
"U(0.0001,0.01), eps=1e-06",0.0001,0.01,1e-06,reverse_eng_risk,19700032061,0.9998
"U(0.0001,0.01), eps=1e-06",0.0001,0.01,1e-06,reverse_eng_risk,23763213523,0.99992
"U(0.0001,0.01), eps=1e-06",0.0001,0.01,1e-06,reverse_eng_risk,28664436445,0.99995
"U(0.0001,0.01), eps=1e-06",0.0001,0.01,1e-06,reverse_eng_risk,34576548996,0.99997
"U(0.0001,0.01), eps=1e-06",0.0001,0.01,1e-06,reverse_eng_risk,41708049721,1.0
"U(0.0001,0.01), eps=1e-06",0.0001,0.01,1e-06,reverse_eng_risk,50310440517,1.0
"U(0.0001,0.01), eps=1e-06",0.0001,0.01,1e-06,reverse_eng_risk,60687096183,1.0
"U(0.0001,0.01), eps=1e-06",0.0001,0.01,1e-06,reverse_eng_risk,73203963337,1.0
"U(0.0001,0.01), eps=1e-06",0.0001,0.01,1e-06,reverse_eng_risk,88302466015,1.0
"U(0.0001,0.01), eps=1e-06",0.0001,0.01,1e-06,reverse_eng_risk,106515073078,1.0
"U(0.0001,0.01), eps=1e-06",0.0001,0.01,1e-06,reverse_eng_risk,128484076433,1.0
"U(0.005,0.05), eps=1e-04",0.005,0.05,0.0001,brute,43380,0.1822
"U(0.005,0.05), eps=1e-04",0.005,0.05,0.0001,brute,52328,0.20058
"U(0.005,0.05), eps=1e-04",0.005,0.05,0.0001,brute,63120,0.2193
"U(0.005,0.05), eps=1e-04",0.005,0.05,0.0001,brute,76139,0.241
"U(0.005,0.05), eps=1e-04",0.005,0.05,0.0001,brute,91843,0.26475
"U(0.005,0.05), eps=1e-04",0.005,0.05,0.0001,brute,110786,0.2881
"U(0.005,0.05), eps=1e-04",0.005,0.05,0.0001,brute,133636,0.31483
"U(0.005,0.05), eps=1e-04",0.005,0.05,0.0001,brute,161199,0.3445
"U(0.005,0.05), eps=1e-04",0.005,0.05,0.0001,brute,194447,0.3753
"U(0.005,0.05), eps=1e-04",0.005,0.05,0.0001,brute,234552,0.4092
"U(0.005,0.05), eps=1e-04",0.005,0.05,0.0001,brute,282929,0.44367
"U(0.005,0.05), eps=1e-04",0.005,0.05,0.0001,brute,341284,0.48402
"U(0.005,0.05), eps=1e-04",0.005,0.05,0.0001,brute,411675,0.5246
"U(0.005,0.05), eps=1e-04",0.005,0.05,0.0001,brute,496584,0.5655
"U(0.005,0.05), eps=1e-04",0.005,0.05,0.0001,brute,599006,0.61133
"U(0.005,0.05), eps=1e-04",0.005,0.05,0.0001,brute,722552,0.65582
"U(0.005,0.05), eps=1e-04",0.005,0.05,0.0001,brute,871581,0.70103
"U(0.005,0.05), eps=1e-04",0.005,0.05,0.0001,brute,1051346,0.74675
"U(0.005,0.05), eps=1e-04",0.005,0.05,0.0001,brute,1268189,0.7929
"U(0.005,0.05), eps=1e-04",0.005,0.05,0.0001,brute,1529757,0.8335
"U(0.005,0.05), eps=1e-04",0.005,0.05,0.0001,brute,1845273,0.86992
"U(0.005,0.05), eps=1e-04",0.005,0.05,0.0001,brute,2225865,0.90335
"U(0.005,0.05), eps=1e-04",0.005,0.05,0.0001,brute,2684956,0.93265
"U(0.005,0.05), eps=1e-04",0.005,0.05,0.0001,brute,3238735,0.95493
"U(0.005,0.05), eps=1e-04",0.005,0.05,0.0001,brute,3906732,0.9723
"U(0.005,0.05), eps=1e-04",0.005,0.05,0.0001,brute,4712506,0.98423
"U(0.005,0.05), eps=1e-04",0.005,0.05,0.0001,brute,5684472,0.99257
"U(0.005,0.05), eps=1e-04",0.005,0.05,0.0001,brute,6856909,0.99685
"U(0.005,0.05), eps=1e-04",0.005,0.05,0.0001,brute,8271164,0.9988
"U(0.005,0.05), eps=1e-04",0.005,0.05,0.0001,brute,9977113,0.9996
"U(0.005,0.05), eps=1e-04",0.005,0.05,0.0001,brute,12034917,0.99987
"U(0.005,0.05), eps=1e-04",0.005,0.05,0.0001,brute,14517150,0.99997
"U(0.005,0.05), eps=1e-04",0.005,0.05,0.0001,brute,17511349,1.0
"U(0.005,0.05), eps=1e-04",0.005,0.05,0.0001,brute,21123109,1.0
"U(0.005,0.05), eps=1e-04",0.005,0.05,0.0001,brute,25479803,1.0
"U(0.005,0.05), eps=1e-04",0.005,0.05,0.0001,brute,30735077,1.0
"U(0.005,0.05), eps=1e-04",0.005,0.05,0.0001,brute,37074265,1.0
"U(0.005,0.05), eps=1e-04",0.005,0.05,0.0001,brute,44720926,1.0
"U(0.005,0.05), eps=1e-04",0.005,0.05,0.0001,brute,53944730,1.0
"U(0.005,0.05), eps=1e-04",0.005,0.05,0.0001,brute,65070967,1.0
"U(0.005,0.05), eps=1e-04",0.005,0.05,0.0001,separable,43380,0.03283
"U(0.005,0.05), eps=1e-04",0.005,0.05,0.0001,separable,52328,0.0353
"U(0.005,0.05), eps=1e-04",0.005,0.05,0.0001,separable,63120,0.0409
"U(0.005,0.05), eps=1e-04",0.005,0.05,0.0001,separable,76139,0.04375
"U(0.005,0.05), eps=1e-04",0.005,0.05,0.0001,separable,91843,0.04768
"U(0.005,0.05), eps=1e-04",0.005,0.05,0.0001,separable,110786,0.0527
"U(0.005,0.05), eps=1e-04",0.005,0.05,0.0001,separable,133636,0.0569
"U(0.005,0.05), eps=1e-04",0.005,0.05,0.0001,separable,161199,0.06335
"U(0.005,0.05), eps=1e-04",0.005,0.05,0.0001,separable,194447,0.07135
"U(0.005,0.05), eps=1e-04",0.005,0.05,0.0001,separable,234552,0.07677
"U(0.005,0.05), eps=1e-04",0.005,0.05,0.0001,separable,282929,0.0836
"U(0.005,0.05), eps=1e-04",0.005,0.05,0.0001,separable,341284,0.0929
"U(0.005,0.05), eps=1e-04",0.005,0.05,0.0001,separable,411675,0.10075
"U(0.005,0.05), eps=1e-04",0.005,0.05,0.0001,separable,496584,0.1111
"U(0.005,0.05), eps=1e-04",0.005,0.05,0.0001,separable,599006,0.12118
"U(0.005,0.05), eps=1e-04",0.005,0.05,0.0001,separable,722552,0.13373
"U(0.005,0.05), eps=1e-04",0.005,0.05,0.0001,separable,871581,0.14685
"U(0.005,0.05), eps=1e-04",0.005,0.05,0.0001,separable,1051346,0.162
"U(0.005,0.05), eps=1e-04",0.005,0.05,0.0001,separable,1268189,0.17777
"U(0.005,0.05), eps=1e-04",0.005,0.05,0.0001,separable,1529757,0.195
"U(0.005,0.05), eps=1e-04",0.005,0.05,0.0001,separable,1845273,0.21355
"U(0.005,0.05), eps=1e-04",0.005,0.05,0.0001,separable,2225865,0.23495
"U(0.005,0.05), eps=1e-04",0.005,0.05,0.0001,separable,2684956,0.25722
"U(0.005,0.05), eps=1e-04",0.005,0.05,0.0001,separable,3238735,0.28215
"U(0.005,0.05), eps=1e-04",0.005,0.05,0.0001,separable,3906732,0.30807
"U(0.005,0.05), eps=1e-04",0.005,0.05,0.0001,separable,4712506,0.33677
"U(0.005,0.05), eps=1e-04",0.005,0.05,0.0001,separable,5684472,0.36623
"U(0.005,0.05), eps=1e-04",0.005,0.05,0.0001,separable,6856909,0.39865
"U(0.005,0.05), eps=1e-04",0.005,0.05,0.0001,separable,8271164,0.43312
"U(0.005,0.05), eps=1e-04",0.005,0.05,0.0001,separable,9977113,0.47273
"U(0.005,0.05), eps=1e-04",0.005,0.05,0.0001,separable,12034917,0.51253
"U(0.005,0.05), eps=1e-04",0.005,0.05,0.0001,separable,14517150,0.55288
"U(0.005,0.05), eps=1e-04",0.005,0.05,0.0001,separable,17511349,0.59783
"U(0.005,0.05), eps=1e-04",0.005,0.05,0.0001,separable,21123109,0.64302
"U(0.005,0.05), eps=1e-04",0.005,0.05,0.0001,separable,25479803,0.6879
"U(0.005,0.05), eps=1e-04",0.005,0.05,0.0001,separable,30735077,0.7333
"U(0.005,0.05), eps=1e-04",0.005,0.05,0.0001,separable,37074265,0.77805
"U(0.005,0.05), eps=1e-04",0.005,0.05,0.0001,separable,44720926,0.82173
"U(0.005,0.05), eps=1e-04",0.005,0.05,0.0001,separable,53944730,0.85938
"U(0.005,0.05), eps=1e-04",0.005,0.05,0.0001,separable,65070967,0.89407
"U(0.005,0.05), eps=1e-04",0.005,0.05,0.0001,linear,43380,0.1949
"U(0.005,0.05), eps=1e-04",0.005,0.05,0.0001,linear,52328,0.21835
"U(0.005,0.05), eps=1e-04",0.005,0.05,0.0001,linear,63120,0.24197
"U(0.005,0.05), eps=1e-04",0.005,0.05,0.0001,linear,76139,0.26458
"U(0.005,0.05), eps=1e-04",0.005,0.05,0.0001,linear,91843,0.2888
"U(0.005,0.05), eps=1e-04",0.005,0.05,0.0001,linear,110786,0.32515
"U(0.005,0.05), eps=1e-04",0.005,0.05,0.0001,linear,133636,0.35633
"U(0.005,0.05), eps=1e-04",0.005,0.05,0.0001,linear,161199,0.38895
"U(0.005,0.05), eps=1e-04",0.005,0.05,0.0001,linear,194447,0.44357
"U(0.005,0.05), eps=1e-04",0.005,0.05,0.0001,linear,234552,0.48178
"U(0.005,0.05), eps=1e-04",0.005,0.05,0.0001,linear,282929,0.52277
"U(0.005,0.05), eps=1e-04",0.005,0.05,0.0001,linear,341284,0.56663
"U(0.005,0.05), eps=1e-04",0.005,0.05,0.0001,linear,411675,0.6072
"U(0.005,0.05), eps=1e-04",0.005,0.05,0.0001,linear,496584,0.65333
"U(0.005,0.05), eps=1e-04",0.005,0.05,0.0001,linear,599006,0.6958
"U(0.005,0.05), eps=1e-04",0.005,0.05,0.0001,linear,722552,0.7424
"U(0.005,0.05), eps=1e-04",0.005,0.05,0.0001,linear,871581,0.775
"U(0.005,0.05), eps=1e-04",0.005,0.05,0.0001,linear,1051346,0.82168
"U(0.005,0.05), eps=1e-04",0.005,0.05,0.0001,linear,1268189,0.8595
"U(0.005,0.05), eps=1e-04",0.005,0.05,0.0001,linear,1529757,0.88897
"U(0.005,0.05), eps=1e-04",0.005,0.05,0.0001,linear,1845273,0.91643
"U(0.005,0.05), eps=1e-04",0.005,0.05,0.0001,linear,2225865,0.9376
"U(0.005,0.05), eps=1e-04",0.005,0.05,0.0001,linear,2684956,0.96475
"U(0.005,0.05), eps=1e-04",0.005,0.05,0.0001,linear,3238735,0.97288
"U(0.005,0.05), eps=1e-04",0.005,0.05,0.0001,linear,3906732,0.98308
"U(0.005,0.05), eps=1e-04",0.005,0.05,0.0001,linear,4712506,0.9909
"U(0.005,0.05), eps=1e-04",0.005,0.05,0.0001,linear,5684472,0.99682
"U(0.005,0.05), eps=1e-04",0.005,0.05,0.0001,linear,6856909,0.99662
"U(0.005,0.05), eps=1e-04",0.005,0.05,0.0001,linear,8271164,0.99875
"U(0.005,0.05), eps=1e-04",0.005,0.05,0.0001,linear,9977113,0.99957
"U(0.005,0.05), eps=1e-04",0.005,0.05,0.0001,linear,12034917,0.9997
"U(0.005,0.05), eps=1e-04",0.005,0.05,0.0001,linear,14517150,0.99997
"U(0.005,0.05), eps=1e-04",0.005,0.05,0.0001,linear,17511349,1.0
"U(0.005,0.05), eps=1e-04",0.005,0.05,0.0001,linear,21123109,1.0
"U(0.005,0.05), eps=1e-04",0.005,0.05,0.0001,linear,25479803,1.0
"U(0.005,0.05), eps=1e-04",0.005,0.05,0.0001,linear,30735077,1.0
"U(0.005,0.05), eps=1e-04",0.005,0.05,0.0001,linear,37074265,1.0
"U(0.005,0.05), eps=1e-04",0.005,0.05,0.0001,linear,44720926,1.0
"U(0.005,0.05), eps=1e-04",0.005,0.05,0.0001,linear,53944730,1.0
"U(0.005,0.05), eps=1e-04",0.005,0.05,0.0001,linear,65070967,1.0
"U(0.005,0.05), eps=1e-04",0.005,0.05,0.0001,binary,43380,0.166
"U(0.005,0.05), eps=1e-04",0.005,0.05,0.0001,binary,52328,0.18923
"U(0.005,0.05), eps=1e-04",0.005,0.05,0.0001,binary,63120,0.21175
"U(0.005,0.05), eps=1e-04",0.005,0.05,0.0001,binary,76139,0.24038
"U(0.005,0.05), eps=1e-04",0.005,0.05,0.0001,binary,91843,0.26875
"U(0.005,0.05), eps=1e-04",0.005,0.05,0.0001,binary,110786,0.2918
"U(0.005,0.05), eps=1e-04",0.005,0.05,0.0001,binary,133636,0.32388
"U(0.005,0.05), eps=1e-04",0.005,0.05,0.0001,binary,161199,0.35983
"U(0.005,0.05), eps=1e-04",0.005,0.05,0.0001,binary,194447,0.39345
"U(0.005,0.05), eps=1e-04",0.005,0.05,0.0001,binary,234552,0.42623
"U(0.005,0.05), eps=1e-04",0.005,0.05,0.0001,binary,282929,0.45805
"U(0.005,0.05), eps=1e-04",0.005,0.05,0.0001,binary,341284,0.50225
"U(0.005,0.05), eps=1e-04",0.005,0.05,0.0001,binary,411675,0.55032
"U(0.005,0.05), eps=1e-04",0.005,0.05,0.0001,binary,496584,0.597
"U(0.005,0.05), eps=1e-04",0.005,0.05,0.0001,binary,599006,0.64005
"U(0.005,0.05), eps=1e-04",0.005,0.05,0.0001,binary,722552,0.6907
"U(0.005,0.05), eps=1e-04",0.005,0.05,0.0001,binary,871581,0.73405
"U(0.005,0.05), eps=1e-04",0.005,0.05,0.0001,binary,1051346,0.77568
"U(0.005,0.05), eps=1e-04",0.005,0.05,0.0001,binary,1268189,0.81603
"U(0.005,0.05), eps=1e-04",0.005,0.05,0.0001,binary,1529757,0.85085
"U(0.005,0.05), eps=1e-04",0.005,0.05,0.0001,binary,1845273,0.88735
"U(0.005,0.05), eps=1e-04",0.005,0.05,0.0001,binary,2225865,0.91525
"U(0.005,0.05), eps=1e-04",0.005,0.05,0.0001,binary,2684956,0.93807
"U(0.005,0.05), eps=1e-04",0.005,0.05,0.0001,binary,3238735,0.95747
"U(0.005,0.05), eps=1e-04",0.005,0.05,0.0001,binary,3906732,0.97267
"U(0.005,0.05), eps=1e-04",0.005,0.05,0.0001,binary,4712506,0.98293
"U(0.005,0.05), eps=1e-04",0.005,0.05,0.0001,binary,5684472,0.98828
"U(0.005,0.05), eps=1e-04",0.005,0.05,0.0001,binary,6856909,0.99443
"U(0.005,0.05), eps=1e-04",0.005,0.05,0.0001,binary,8271164,0.9966
"U(0.005,0.05), eps=1e-04",0.005,0.05,0.0001,binary,9977113,0.99803
"U(0.005,0.05), eps=1e-04",0.005,0.05,0.0001,binary,12034917,0.99905
"U(0.005,0.05), eps=1e-04",0.005,0.05,0.0001,binary,14517150,0.9994
"U(0.005,0.05), eps=1e-04",0.005,0.05,0.0001,binary,17511349,0.99952
"U(0.005,0.05), eps=1e-04",0.005,0.05,0.0001,binary,21123109,0.99952
"U(0.005,0.05), eps=1e-04",0.005,0.05,0.0001,binary,25479803,0.99952
"U(0.005,0.05), eps=1e-04",0.005,0.05,0.0001,binary,30735077,0.99952
"U(0.005,0.05), eps=1e-04",0.005,0.05,0.0001,binary,37074265,0.99952
"U(0.005,0.05), eps=1e-04",0.005,0.05,0.0001,binary,44720926,0.99952
"U(0.005,0.05), eps=1e-04",0.005,0.05,0.0001,binary,53944730,0.99952
"U(0.005,0.05), eps=1e-04",0.005,0.05,0.0001,binary,65070967,0.99952
"U(0.005,0.05), eps=1e-04",0.005,0.05,0.0001,reverse_eng,43380,0.21982
"U(0.005,0.05), eps=1e-04",0.005,0.05,0.0001,reverse_eng,52328,0.24545
"U(0.005,0.05), eps=1e-04",0.005,0.05,0.0001,reverse_eng,63120,0.27067
"U(0.005,0.05), eps=1e-04",0.005,0.05,0.0001,reverse_eng,76139,0.30473
"U(0.005,0.05), eps=1e-04",0.005,0.05,0.0001,reverse_eng,91843,0.32743
"U(0.005,0.05), eps=1e-04",0.005,0.05,0.0001,reverse_eng,110786,0.366
"U(0.005,0.05), eps=1e-04",0.005,0.05,0.0001,reverse_eng,133636,0.40413
"U(0.005,0.05), eps=1e-04",0.005,0.05,0.0001,reverse_eng,161199,0.44335
"U(0.005,0.05), eps=1e-04",0.005,0.05,0.0001,reverse_eng,194447,0.4789
"U(0.005,0.05), eps=1e-04",0.005,0.05,0.0001,reverse_eng,234552,0.51233
"U(0.005,0.05), eps=1e-04",0.005,0.05,0.0001,reverse_eng,282929,0.55868
"U(0.005,0.05), eps=1e-04",0.005,0.05,0.0001,reverse_eng,341284,0.59718
"U(0.005,0.05), eps=1e-04",0.005,0.05,0.0001,reverse_eng,411675,0.63872
"U(0.005,0.05), eps=1e-04",0.005,0.05,0.0001,reverse_eng,496584,0.67965
"U(0.005,0.05), eps=1e-04",0.005,0.05,0.0001,reverse_eng,599006,0.73237
"U(0.005,0.05), eps=1e-04",0.005,0.05,0.0001,reverse_eng,722552,0.77333
"U(0.005,0.05), eps=1e-04",0.005,0.05,0.0001,reverse_eng,871581,0.81155
"U(0.005,0.05), eps=1e-04",0.005,0.05,0.0001,reverse_eng,1051346,0.84503
"U(0.005,0.05), eps=1e-04",0.005,0.05,0.0001,reverse_eng,1268189,0.8778
"U(0.005,0.05), eps=1e-04",0.005,0.05,0.0001,reverse_eng,1529757,0.90828
"U(0.005,0.05), eps=1e-04",0.005,0.05,0.0001,reverse_eng,1845273,0.92805
"U(0.005,0.05), eps=1e-04",0.005,0.05,0.0001,reverse_eng,2225865,0.95017
"U(0.005,0.05), eps=1e-04",0.005,0.05,0.0001,reverse_eng,2684956,0.96778
"U(0.005,0.05), eps=1e-04",0.005,0.05,0.0001,reverse_eng,3238735,0.97872
"U(0.005,0.05), eps=1e-04",0.005,0.05,0.0001,reverse_eng,3906732,0.98785
"U(0.005,0.05), eps=1e-04",0.005,0.05,0.0001,reverse_eng,4712506,0.9929
"U(0.005,0.05), eps=1e-04",0.005,0.05,0.0001,reverse_eng,5684472,0.99692
"U(0.005,0.05), eps=1e-04",0.005,0.05,0.0001,reverse_eng,6856909,0.998
"U(0.005,0.05), eps=1e-04",0.005,0.05,0.0001,reverse_eng,8271164,0.99913
"U(0.005,0.05), eps=1e-04",0.005,0.05,0.0001,reverse_eng,9977113,0.99952
"U(0.005,0.05), eps=1e-04",0.005,0.05,0.0001,reverse_eng,12034917,0.99967
"U(0.005,0.05), eps=1e-04",0.005,0.05,0.0001,reverse_eng,14517150,0.99967
"U(0.005,0.05), eps=1e-04",0.005,0.05,0.0001,reverse_eng,17511349,0.99967
"U(0.005,0.05), eps=1e-04",0.005,0.05,0.0001,reverse_eng,21123109,0.9997
"U(0.005,0.05), eps=1e-04",0.005,0.05,0.0001,reverse_eng,25479803,0.9997
"U(0.005,0.05), eps=1e-04",0.005,0.05,0.0001,reverse_eng,30735077,0.9997
"U(0.005,0.05), eps=1e-04",0.005,0.05,0.0001,reverse_eng,37074265,0.9997
"U(0.005,0.05), eps=1e-04",0.005,0.05,0.0001,reverse_eng,44720926,0.99972
"U(0.005,0.05), eps=1e-04",0.005,0.05,0.0001,reverse_eng,53944730,0.99972
"U(0.005,0.05), eps=1e-04",0.005,0.05,0.0001,reverse_eng,65070967,0.99972
"U(0.005,0.05), eps=1e-04",0.005,0.05,0.0001,binary_risk,43380,0.22678
"U(0.005,0.05), eps=1e-04",0.005,0.05,0.0001,binary_risk,52328,0.25262
"U(0.005,0.05), eps=1e-04",0.005,0.05,0.0001,binary_risk,63120,0.275
"U(0.005,0.05), eps=1e-04",0.005,0.05,0.0001,binary_risk,76139,0.30573
"U(0.005,0.05), eps=1e-04",0.005,0.05,0.0001,binary_risk,91843,0.328
"U(0.005,0.05), eps=1e-04",0.005,0.05,0.0001,binary_risk,110786,0.36643
"U(0.005,0.05), eps=1e-04",0.005,0.05,0.0001,binary_risk,133636,0.3919
"U(0.005,0.05), eps=1e-04",0.005,0.05,0.0001,binary_risk,161199,0.43552
"U(0.005,0.05), eps=1e-04",0.005,0.05,0.0001,binary_risk,194447,0.46595
"U(0.005,0.05), eps=1e-04",0.005,0.05,0.0001,binary_risk,234552,0.49052
"U(0.005,0.05), eps=1e-04",0.005,0.05,0.0001,binary_risk,282929,0.54568
"U(0.005,0.05), eps=1e-04",0.005,0.05,0.0001,binary_risk,341284,0.5963
"U(0.005,0.05), eps=1e-04",0.005,0.05,0.0001,binary_risk,411675,0.622
"U(0.005,0.05), eps=1e-04",0.005,0.05,0.0001,binary_risk,496584,0.66912
"U(0.005,0.05), eps=1e-04",0.005,0.05,0.0001,binary_risk,599006,0.7137
"U(0.005,0.05), eps=1e-04",0.005,0.05,0.0001,binary_risk,722552,0.75933
"U(0.005,0.05), eps=1e-04",0.005,0.05,0.0001,binary_risk,871581,0.79963
"U(0.005,0.05), eps=1e-04",0.005,0.05,0.0001,binary_risk,1051346,0.83865
"U(0.005,0.05), eps=1e-04",0.005,0.05,0.0001,binary_risk,1268189,0.87287
"U(0.005,0.05), eps=1e-04",0.005,0.05,0.0001,binary_risk,1529757,0.90345
"U(0.005,0.05), eps=1e-04",0.005,0.05,0.0001,binary_risk,1845273,0.92917
"U(0.005,0.05), eps=1e-04",0.005,0.05,0.0001,binary_risk,2225865,0.94965
"U(0.005,0.05), eps=1e-04",0.005,0.05,0.0001,binary_risk,2684956,0.9639
"U(0.005,0.05), eps=1e-04",0.005,0.05,0.0001,binary_risk,3238735,0.97657
"U(0.005,0.05), eps=1e-04",0.005,0.05,0.0001,binary_risk,3906732,0.98545
"U(0.005,0.05), eps=1e-04",0.005,0.05,0.0001,binary_risk,4712506,0.99233
"U(0.005,0.05), eps=1e-04",0.005,0.05,0.0001,binary_risk,5684472,0.99615
"U(0.005,0.05), eps=1e-04",0.005,0.05,0.0001,binary_risk,6856909,0.9984
"U(0.005,0.05), eps=1e-04",0.005,0.05,0.0001,binary_risk,8271164,0.99935
"U(0.005,0.05), eps=1e-04",0.005,0.05,0.0001,binary_risk,9977113,0.99948
"U(0.005,0.05), eps=1e-04",0.005,0.05,0.0001,binary_risk,12034917,0.99967
"U(0.005,0.05), eps=1e-04",0.005,0.05,0.0001,binary_risk,14517150,0.99948
"U(0.005,0.05), eps=1e-04",0.005,0.05,0.0001,binary_risk,17511349,0.9998
"U(0.005,0.05), eps=1e-04",0.005,0.05,0.0001,binary_risk,21123109,0.9998
"U(0.005,0.05), eps=1e-04",0.005,0.05,0.0001,binary_risk,25479803,0.99997
"U(0.005,0.05), eps=1e-04",0.005,0.05,0.0001,binary_risk,30735077,1.0
"U(0.005,0.05), eps=1e-04",0.005,0.05,0.0001,binary_risk,37074265,1.0
"U(0.005,0.05), eps=1e-04",0.005,0.05,0.0001,binary_risk,44720926,1.0
"U(0.005,0.05), eps=1e-04",0.005,0.05,0.0001,binary_risk,53944730,1.0
"U(0.005,0.05), eps=1e-04",0.005,0.05,0.0001,binary_risk,65070967,1.0
"U(0.005,0.05), eps=1e-04",0.005,0.05,0.0001,reverse_eng_risk,43380,0.2368
"U(0.005,0.05), eps=1e-04",0.005,0.05,0.0001,reverse_eng_risk,52328,0.26058
"U(0.005,0.05), eps=1e-04",0.005,0.05,0.0001,reverse_eng_risk,63120,0.2874
"U(0.005,0.05), eps=1e-04",0.005,0.05,0.0001,reverse_eng_risk,76139,0.3156
"U(0.005,0.05), eps=1e-04",0.005,0.05,0.0001,reverse_eng_risk,91843,0.33848
"U(0.005,0.05), eps=1e-04",0.005,0.05,0.0001,reverse_eng_risk,110786,0.37472
"U(0.005,0.05), eps=1e-04",0.005,0.05,0.0001,reverse_eng_risk,133636,0.41323
"U(0.005,0.05), eps=1e-04",0.005,0.05,0.0001,reverse_eng_risk,161199,0.4532
"U(0.005,0.05), eps=1e-04",0.005,0.05,0.0001,reverse_eng_risk,194447,0.49333
"U(0.005,0.05), eps=1e-04",0.005,0.05,0.0001,reverse_eng_risk,234552,0.5342
"U(0.005,0.05), eps=1e-04",0.005,0.05,0.0001,reverse_eng_risk,282929,0.58078
"U(0.005,0.05), eps=1e-04",0.005,0.05,0.0001,reverse_eng_risk,341284,0.62292
"U(0.005,0.05), eps=1e-04",0.005,0.05,0.0001,reverse_eng_risk,411675,0.6661
"U(0.005,0.05), eps=1e-04",0.005,0.05,0.0001,reverse_eng_risk,496584,0.70555
"U(0.005,0.05), eps=1e-04",0.005,0.05,0.0001,reverse_eng_risk,599006,0.7538
"U(0.005,0.05), eps=1e-04",0.005,0.05,0.0001,reverse_eng_risk,722552,0.79445
"U(0.005,0.05), eps=1e-04",0.005,0.05,0.0001,reverse_eng_risk,871581,0.83195
"U(0.005,0.05), eps=1e-04",0.005,0.05,0.0001,reverse_eng_risk,1051346,0.86545
"U(0.005,0.05), eps=1e-04",0.005,0.05,0.0001,reverse_eng_risk,1268189,0.89582
"U(0.005,0.05), eps=1e-04",0.005,0.05,0.0001,reverse_eng_risk,1529757,0.9216
"U(0.005,0.05), eps=1e-04",0.005,0.05,0.0001,reverse_eng_risk,1845273,0.94355
"U(0.005,0.05), eps=1e-04",0.005,0.05,0.0001,reverse_eng_risk,2225865,0.96175
"U(0.005,0.05), eps=1e-04",0.005,0.05,0.0001,reverse_eng_risk,2684956,0.97472
"U(0.005,0.05), eps=1e-04",0.005,0.05,0.0001,reverse_eng_risk,3238735,0.98447
"U(0.005,0.05), eps=1e-04",0.005,0.05,0.0001,reverse_eng_risk,3906732,0.99145
"U(0.005,0.05), eps=1e-04",0.005,0.05,0.0001,reverse_eng_risk,4712506,0.9954
"U(0.005,0.05), eps=1e-04",0.005,0.05,0.0001,reverse_eng_risk,5684472,0.998
"U(0.005,0.05), eps=1e-04",0.005,0.05,0.0001,reverse_eng_risk,6856909,0.99895
"U(0.005,0.05), eps=1e-04",0.005,0.05,0.0001,reverse_eng_risk,8271164,0.99975
"U(0.005,0.05), eps=1e-04",0.005,0.05,0.0001,reverse_eng_risk,9977113,0.99992
"U(0.005,0.05), eps=1e-04",0.005,0.05,0.0001,reverse_eng_risk,12034917,1.0
"U(0.005,0.05), eps=1e-04",0.005,0.05,0.0001,reverse_eng_risk,14517150,0.99997
"U(0.005,0.05), eps=1e-04",0.005,0.05,0.0001,reverse_eng_risk,17511349,1.0
"U(0.005,0.05), eps=1e-04",0.005,0.05,0.0001,reverse_eng_risk,21123109,1.0
"U(0.005,0.05), eps=1e-04",0.005,0.05,0.0001,reverse_eng_risk,25479803,1.0
"U(0.005,0.05), eps=1e-04",0.005,0.05,0.0001,reverse_eng_risk,30735077,1.0
"U(0.005,0.05), eps=1e-04",0.005,0.05,0.0001,reverse_eng_risk,37074265,1.0
"U(0.005,0.05), eps=1e-04",0.005,0.05,0.0001,reverse_eng_risk,44720926,1.0
"U(0.005,0.05), eps=1e-04",0.005,0.05,0.0001,reverse_eng_risk,53944730,1.0
"U(0.005,0.05), eps=1e-04",0.005,0.05,0.0001,reverse_eng_risk,65070967,1.0
"U(0.005,0.05), eps=1e-06",0.005,0.05,1e-06,brute,433806451,0.18488
"U(0.005,0.05), eps=1e-06",0.005,0.05,1e-06,brute,523280129,0.20225
"U(0.005,0.05), eps=1e-06",0.005,0.05,1e-06,brute,631207980,0.2216
"U(0.005,0.05), eps=1e-06",0.005,0.05,1e-06,brute,761396224,0.2423
"U(0.005,0.05), eps=1e-06",0.005,0.05,1e-06,brute,918436122,0.26482
"U(0.005,0.05), eps=1e-06",0.005,0.05,1e-06,brute,1107865896,0.29165
"U(0.005,0.05), eps=1e-06",0.005,0.05,1e-06,brute,1336366041,0.31745
"U(0.005,0.05), eps=1e-06",0.005,0.05,1e-06,brute,1611994918,0.3463
"U(0.005,0.05), eps=1e-06",0.005,0.05,1e-06,brute,1944472949,0.37717
"U(0.005,0.05), eps=1e-06",0.005,0.05,1e-06,brute,2345525415,0.41132
"U(0.005,0.05), eps=1e-06",0.005,0.05,1e-06,brute,2829295968,0.44732
"U(0.005,0.05), eps=1e-06",0.005,0.05,1e-06,brute,3412845421,0.48562
"U(0.005,0.05), eps=1e-06",0.005,0.05,1e-06,brute,4116753425,0.52553
"U(0.005,0.05), eps=1e-06",0.005,0.05,1e-06,brute,4965844236,0.56695
"U(0.005,0.05), eps=1e-06",0.005,0.05,1e-06,brute,5990062176,0.61193
"U(0.005,0.05), eps=1e-06",0.005,0.05,1e-06,brute,7225527657,0.65865
"U(0.005,0.05), eps=1e-06",0.005,0.05,1e-06,brute,8715811021,0.70368
"U(0.005,0.05), eps=1e-06",0.005,0.05,1e-06,brute,10513469099,0.7477
"U(0.005,0.05), eps=1e-06",0.005,0.05,1e-06,brute,12681898705,0.79265
"U(0.005,0.05), eps=1e-06",0.005,0.05,1e-06,brute,15297572404,0.8341
"U(0.005,0.05), eps=1e-06",0.005,0.05,1e-06,brute,18452735422,0.87145
"U(0.005,0.05), eps=1e-06",0.005,0.05,1e-06,brute,22258658797,0.90455
"U(0.005,0.05), eps=1e-06",0.005,0.05,1e-06,brute,26849563499,0.93315
"U(0.005,0.05), eps=1e-06",0.005,0.05,1e-06,brute,32387353913,0.95465
"U(0.005,0.05), eps=1e-06",0.005,0.05,1e-06,brute,39067327613,0.97172
"U(0.005,0.05), eps=1e-06",0.005,0.05,1e-06,brute,47125062791,0.9838
"U(0.005,0.05), eps=1e-06",0.005,0.05,1e-06,brute,56844726240,0.9924
"U(0.005,0.05), eps=1e-06",0.005,0.05,1e-06,brute,68569094871,0.99672
"U(0.005,0.05), eps=1e-06",0.005,0.05,1e-06,brute,82711644200,0.99875
"U(0.005,0.05), eps=1e-06",0.005,0.05,1e-06,brute,99771130115,0.99972
"U(0.005,0.05), eps=1e-06",0.005,0.05,1e-06,brute,120349178169,0.99992
"U(0.005,0.05), eps=1e-06",0.005,0.05,1e-06,brute,145171500706,1.0
"U(0.005,0.05), eps=1e-06",0.005,0.05,1e-06,brute,175113490078,1.0
"U(0.005,0.05), eps=1e-06",0.005,0.05,1e-06,brute,211231090526,1.0
"U(0.005,0.05), eps=1e-06",0.005,0.05,1e-06,brute,254798037460,1.0
"U(0.005,0.05), eps=1e-06",0.005,0.05,1e-06,brute,307350777443,1.0
"U(0.005,0.05), eps=1e-06",0.005,0.05,1e-06,brute,370742653031,1.0
"U(0.005,0.05), eps=1e-06",0.005,0.05,1e-06,brute,447209263371,1.0
"U(0.005,0.05), eps=1e-06",0.005,0.05,1e-06,brute,539447305588,1.0
"U(0.005,0.05), eps=1e-06",0.005,0.05,1e-06,brute,650709677419,1.0
"U(0.005,0.05), eps=1e-06",0.005,0.05,1e-06,separable,433806451,0.03367
"U(0.005,0.05), eps=1e-06",0.005,0.05,1e-06,separable,523280129,0.03682
"U(0.005,0.05), eps=1e-06",0.005,0.05,1e-06,separable,631207980,0.0405
"U(0.005,0.05), eps=1e-06",0.005,0.05,1e-06,separable,761396224,0.04492
"U(0.005,0.05), eps=1e-06",0.005,0.05,1e-06,separable,918436122,0.0491
"U(0.005,0.05), eps=1e-06",0.005,0.05,1e-06,separable,1107865896,0.05465
"U(0.005,0.05), eps=1e-06",0.005,0.05,1e-06,separable,1336366041,0.05978
"U(0.005,0.05), eps=1e-06",0.005,0.05,1e-06,separable,1611994918,0.06582
"U(0.005,0.05), eps=1e-06",0.005,0.05,1e-06,separable,1944472949,0.0721
"U(0.005,0.05), eps=1e-06",0.005,0.05,1e-06,separable,2345525415,0.07942
"U(0.005,0.05), eps=1e-06",0.005,0.05,1e-06,separable,2829295968,0.08703
"U(0.005,0.05), eps=1e-06",0.005,0.05,1e-06,separable,3412845421,0.09645
"U(0.005,0.05), eps=1e-06",0.005,0.05,1e-06,separable,4116753425,0.10545
"U(0.005,0.05), eps=1e-06",0.005,0.05,1e-06,separable,4965844236,0.11522
"U(0.005,0.05), eps=1e-06",0.005,0.05,1e-06,separable,5990062176,0.12615
"U(0.005,0.05), eps=1e-06",0.005,0.05,1e-06,separable,7225527657,0.1379
"U(0.005,0.05), eps=1e-06",0.005,0.05,1e-06,separable,8715811021,0.15032
"U(0.005,0.05), eps=1e-06",0.005,0.05,1e-06,separable,10513469099,0.16457
"U(0.005,0.05), eps=1e-06",0.005,0.05,1e-06,separable,12681898705,0.17983
"U(0.005,0.05), eps=1e-06",0.005,0.05,1e-06,separable,15297572404,0.19703
"U(0.005,0.05), eps=1e-06",0.005,0.05,1e-06,separable,18452735422,0.21582
"U(0.005,0.05), eps=1e-06",0.005,0.05,1e-06,separable,22258658797,0.2358
"U(0.005,0.05), eps=1e-06",0.005,0.05,1e-06,separable,26849563499,0.25748
"U(0.005,0.05), eps=1e-06",0.005,0.05,1e-06,separable,32387353913,0.28332
"U(0.005,0.05), eps=1e-06",0.005,0.05,1e-06,separable,39067327613,0.3094
"U(0.005,0.05), eps=1e-06",0.005,0.05,1e-06,separable,47125062791,0.3374
"U(0.005,0.05), eps=1e-06",0.005,0.05,1e-06,separable,56844726240,0.3678
"U(0.005,0.05), eps=1e-06",0.005,0.05,1e-06,separable,68569094871,0.40108
"U(0.005,0.05), eps=1e-06",0.005,0.05,1e-06,separable,82711644200,0.4356
"U(0.005,0.05), eps=1e-06",0.005,0.05,1e-06,separable,99771130115,0.47313
"U(0.005,0.05), eps=1e-06",0.005,0.05,1e-06,separable,120349178169,0.5128
"U(0.005,0.05), eps=1e-06",0.005,0.05,1e-06,separable,145171500706,0.55388
"U(0.005,0.05), eps=1e-06",0.005,0.05,1e-06,separable,175113490078,0.59857
"U(0.005,0.05), eps=1e-06",0.005,0.05,1e-06,separable,211231090526,0.64428
"U(0.005,0.05), eps=1e-06",0.005,0.05,1e-06,separable,254798037460,0.68888
"U(0.005,0.05), eps=1e-06",0.005,0.05,1e-06,separable,307350777443,0.73405
"U(0.005,0.05), eps=1e-06",0.005,0.05,1e-06,separable,370742653031,0.77863
"U(0.005,0.05), eps=1e-06",0.005,0.05,1e-06,separable,447209263371,0.82237
"U(0.005,0.05), eps=1e-06",0.005,0.05,1e-06,separable,539447305588,0.86045
"U(0.005,0.05), eps=1e-06",0.005,0.05,1e-06,separable,650709677419,0.89518
"U(0.005,0.05), eps=1e-06",0.005,0.05,1e-06,linear,433806451,0.24252
"U(0.005,0.05), eps=1e-06",0.005,0.05,1e-06,linear,523280129,0.26587
"U(0.005,0.05), eps=1e-06",0.005,0.05,1e-06,linear,631207980,0.28915
"U(0.005,0.05), eps=1e-06",0.005,0.05,1e-06,linear,761396224,0.31643
"U(0.005,0.05), eps=1e-06",0.005,0.05,1e-06,linear,918436122,0.34682
"U(0.005,0.05), eps=1e-06",0.005,0.05,1e-06,linear,1107865896,0.3796
"U(0.005,0.05), eps=1e-06",0.005,0.05,1e-06,linear,1336366041,0.41315
"U(0.005,0.05), eps=1e-06",0.005,0.05,1e-06,linear,1611994918,0.44862
"U(0.005,0.05), eps=1e-06",0.005,0.05,1e-06,linear,1944472949,0.48495
"U(0.005,0.05), eps=1e-06",0.005,0.05,1e-06,linear,2345525415,0.52065
"U(0.005,0.05), eps=1e-06",0.005,0.05,1e-06,linear,2829295968,0.5615
"U(0.005,0.05), eps=1e-06",0.005,0.05,1e-06,linear,3412845421,0.6029
"U(0.005,0.05), eps=1e-06",0.005,0.05,1e-06,linear,4116753425,0.64467
"U(0.005,0.05), eps=1e-06",0.005,0.05,1e-06,linear,4965844236,0.68485
"U(0.005,0.05), eps=1e-06",0.005,0.05,1e-06,linear,5990062176,0.72805
"U(0.005,0.05), eps=1e-06",0.005,0.05,1e-06,linear,7225527657,0.76487
"U(0.005,0.05), eps=1e-06",0.005,0.05,1e-06,linear,8715811021,0.79812
"U(0.005,0.05), eps=1e-06",0.005,0.05,1e-06,linear,10513469099,0.8415
"U(0.005,0.05), eps=1e-06",0.005,0.05,1e-06,linear,12681898705,0.8719
"U(0.005,0.05), eps=1e-06",0.005,0.05,1e-06,linear,15297572404,0.90225
"U(0.005,0.05), eps=1e-06",0.005,0.05,1e-06,linear,18452735422,0.931
"U(0.005,0.05), eps=1e-06",0.005,0.05,1e-06,linear,22258658797,0.94573
"U(0.005,0.05), eps=1e-06",0.005,0.05,1e-06,linear,26849563499,0.96795
"U(0.005,0.05), eps=1e-06",0.005,0.05,1e-06,linear,32387353913,0.97625
"U(0.005,0.05), eps=1e-06",0.005,0.05,1e-06,linear,39067327613,0.98818
"U(0.005,0.05), eps=1e-06",0.005,0.05,1e-06,linear,47125062791,0.99375
"U(0.005,0.05), eps=1e-06",0.005,0.05,1e-06,linear,56844726240,0.99605
"U(0.005,0.05), eps=1e-06",0.005,0.05,1e-06,linear,68569094871,0.99852
"U(0.005,0.05), eps=1e-06",0.005,0.05,1e-06,linear,82711644200,0.99925
"U(0.005,0.05), eps=1e-06",0.005,0.05,1e-06,linear,99771130115,0.9993
"U(0.005,0.05), eps=1e-06",0.005,0.05,1e-06,linear,120349178169,0.9997
"U(0.005,0.05), eps=1e-06",0.005,0.05,1e-06,linear,145171500706,0.99997
"U(0.005,0.05), eps=1e-06",0.005,0.05,1e-06,linear,175113490078,1.0
"U(0.005,0.05), eps=1e-06",0.005,0.05,1e-06,linear,211231090526,1.0
"U(0.005,0.05), eps=1e-06",0.005,0.05,1e-06,linear,254798037460,1.0
"U(0.005,0.05), eps=1e-06",0.005,0.05,1e-06,linear,307350777443,1.0
"U(0.005,0.05), eps=1e-06",0.005,0.05,1e-06,linear,370742653031,1.0
"U(0.005,0.05), eps=1e-06",0.005,0.05,1e-06,linear,447209263371,1.0
"U(0.005,0.05), eps=1e-06",0.005,0.05,1e-06,linear,539447305588,1.0
"U(0.005,0.05), eps=1e-06",0.005,0.05,1e-06,linear,650709677419,1.0
"U(0.005,0.05), eps=1e-06",0.005,0.05,1e-06,binary,433806451,0.2606
"U(0.005,0.05), eps=1e-06",0.005,0.05,1e-06,binary,523280129,0.28697
"U(0.005,0.05), eps=1e-06",0.005,0.05,1e-06,binary,631207980,0.28423
"U(0.005,0.05), eps=1e-06",0.005,0.05,1e-06,binary,761396224,0.31095
"U(0.005,0.05), eps=1e-06",0.005,0.05,1e-06,binary,918436122,0.34752
"U(0.005,0.05), eps=1e-06",0.005,0.05,1e-06,binary,1107865896,0.38555
"U(0.005,0.05), eps=1e-06",0.005,0.05,1e-06,binary,1336366041,0.41775
"U(0.005,0.05), eps=1e-06",0.005,0.05,1e-06,binary,1611994918,0.45343
"U(0.005,0.05), eps=1e-06",0.005,0.05,1e-06,binary,1944472949,0.51167
"U(0.005,0.05), eps=1e-06",0.005,0.05,1e-06,binary,2345525415,0.55168
"U(0.005,0.05), eps=1e-06",0.005,0.05,1e-06,binary,2829295968,0.58832
"U(0.005,0.05), eps=1e-06",0.005,0.05,1e-06,binary,3412845421,0.6341
"U(0.005,0.05), eps=1e-06",0.005,0.05,1e-06,binary,4116753425,0.67358
"U(0.005,0.05), eps=1e-06",0.005,0.05,1e-06,binary,4965844236,0.7158
"U(0.005,0.05), eps=1e-06",0.005,0.05,1e-06,binary,5990062176,0.75477
"U(0.005,0.05), eps=1e-06",0.005,0.05,1e-06,binary,7225527657,0.79138
"U(0.005,0.05), eps=1e-06",0.005,0.05,1e-06,binary,8715811021,0.83083
"U(0.005,0.05), eps=1e-06",0.005,0.05,1e-06,binary,10513469099,0.86485
"U(0.005,0.05), eps=1e-06",0.005,0.05,1e-06,binary,12681898705,0.89545
"U(0.005,0.05), eps=1e-06",0.005,0.05,1e-06,binary,15297572404,0.92095
"U(0.005,0.05), eps=1e-06",0.005,0.05,1e-06,binary,18452735422,0.94393
"U(0.005,0.05), eps=1e-06",0.005,0.05,1e-06,binary,22258658797,0.96088
"U(0.005,0.05), eps=1e-06",0.005,0.05,1e-06,binary,26849563499,0.97552
"U(0.005,0.05), eps=1e-06",0.005,0.05,1e-06,binary,32387353913,0.98465
"U(0.005,0.05), eps=1e-06",0.005,0.05,1e-06,binary,39067327613,0.99113
"U(0.005,0.05), eps=1e-06",0.005,0.05,1e-06,binary,47125062791,0.99198
"U(0.005,0.05), eps=1e-06",0.005,0.05,1e-06,binary,56844726240,0.99765
"U(0.005,0.05), eps=1e-06",0.005,0.05,1e-06,binary,68569094871,0.99885
"U(0.005,0.05), eps=1e-06",0.005,0.05,1e-06,binary,82711644200,0.99782
"U(0.005,0.05), eps=1e-06",0.005,0.05,1e-06,binary,99771130115,0.99838
"U(0.005,0.05), eps=1e-06",0.005,0.05,1e-06,binary,120349178169,0.99857
"U(0.005,0.05), eps=1e-06",0.005,0.05,1e-06,binary,145171500706,0.99867
"U(0.005,0.05), eps=1e-06",0.005,0.05,1e-06,binary,175113490078,0.9987
"U(0.005,0.05), eps=1e-06",0.005,0.05,1e-06,binary,211231090526,0.9987
"U(0.005,0.05), eps=1e-06",0.005,0.05,1e-06,binary,254798037460,0.9987
"U(0.005,0.05), eps=1e-06",0.005,0.05,1e-06,binary,307350777443,0.9987
"U(0.005,0.05), eps=1e-06",0.005,0.05,1e-06,binary,370742653031,0.9987
"U(0.005,0.05), eps=1e-06",0.005,0.05,1e-06,binary,447209263371,0.9987
"U(0.005,0.05), eps=1e-06",0.005,0.05,1e-06,binary,539447305588,0.9987
"U(0.005,0.05), eps=1e-06",0.005,0.05,1e-06,binary,650709677419,0.9987
"U(0.005,0.05), eps=1e-06",0.005,0.05,1e-06,reverse_eng,433806451,0.2697
"U(0.005,0.05), eps=1e-06",0.005,0.05,1e-06,reverse_eng,523280129,0.29518
"U(0.005,0.05), eps=1e-06",0.005,0.05,1e-06,reverse_eng,631207980,0.32248
"U(0.005,0.05), eps=1e-06",0.005,0.05,1e-06,reverse_eng,761396224,0.35152
"U(0.005,0.05), eps=1e-06",0.005,0.05,1e-06,reverse_eng,918436122,0.38267
"U(0.005,0.05), eps=1e-06",0.005,0.05,1e-06,reverse_eng,1107865896,0.41458
"U(0.005,0.05), eps=1e-06",0.005,0.05,1e-06,reverse_eng,1336366041,0.44972
"U(0.005,0.05), eps=1e-06",0.005,0.05,1e-06,reverse_eng,1611994918,0.48642
"U(0.005,0.05), eps=1e-06",0.005,0.05,1e-06,reverse_eng,1944472949,0.52548
"U(0.005,0.05), eps=1e-06",0.005,0.05,1e-06,reverse_eng,2345525415,0.5642
"U(0.005,0.05), eps=1e-06",0.005,0.05,1e-06,reverse_eng,2829295968,0.60475
"U(0.005,0.05), eps=1e-06",0.005,0.05,1e-06,reverse_eng,3412845421,0.64572
"U(0.005,0.05), eps=1e-06",0.005,0.05,1e-06,reverse_eng,4116753425,0.6875
"U(0.005,0.05), eps=1e-06",0.005,0.05,1e-06,reverse_eng,4965844236,0.7254
"U(0.005,0.05), eps=1e-06",0.005,0.05,1e-06,reverse_eng,5990062176,0.76082
"U(0.005,0.05), eps=1e-06",0.005,0.05,1e-06,reverse_eng,7225527657,0.79878
"U(0.005,0.05), eps=1e-06",0.005,0.05,1e-06,reverse_eng,8715811021,0.84027
"U(0.005,0.05), eps=1e-06",0.005,0.05,1e-06,reverse_eng,10513469099,0.87192
"U(0.005,0.05), eps=1e-06",0.005,0.05,1e-06,reverse_eng,12681898705,0.90015
"U(0.005,0.05), eps=1e-06",0.005,0.05,1e-06,reverse_eng,15297572404,0.92095
"U(0.005,0.05), eps=1e-06",0.005,0.05,1e-06,reverse_eng,18452735422,0.9418
"U(0.005,0.05), eps=1e-06",0.005,0.05,1e-06,reverse_eng,22258658797,0.96027
"U(0.005,0.05), eps=1e-06",0.005,0.05,1e-06,reverse_eng,26849563499,0.97618
"U(0.005,0.05), eps=1e-06",0.005,0.05,1e-06,reverse_eng,32387353913,0.98415
"U(0.005,0.05), eps=1e-06",0.005,0.05,1e-06,reverse_eng,39067327613,0.99218
"U(0.005,0.05), eps=1e-06",0.005,0.05,1e-06,reverse_eng,47125062791,0.9951
"U(0.005,0.05), eps=1e-06",0.005,0.05,1e-06,reverse_eng,56844726240,0.99657
"U(0.005,0.05), eps=1e-06",0.005,0.05,1e-06,reverse_eng,68569094871,0.9983
"U(0.005,0.05), eps=1e-06",0.005,0.05,1e-06,reverse_eng,82711644200,0.99925
"U(0.005,0.05), eps=1e-06",0.005,0.05,1e-06,reverse_eng,99771130115,0.99975
"U(0.005,0.05), eps=1e-06",0.005,0.05,1e-06,reverse_eng,120349178169,0.99987
"U(0.005,0.05), eps=1e-06",0.005,0.05,1e-06,reverse_eng,145171500706,0.9999
"U(0.005,0.05), eps=1e-06",0.005,0.05,1e-06,reverse_eng,175113490078,0.9999
"U(0.005,0.05), eps=1e-06",0.005,0.05,1e-06,reverse_eng,211231090526,0.9999
"U(0.005,0.05), eps=1e-06",0.005,0.05,1e-06,reverse_eng,254798037460,0.9999
"U(0.005,0.05), eps=1e-06",0.005,0.05,1e-06,reverse_eng,307350777443,0.9999
"U(0.005,0.05), eps=1e-06",0.005,0.05,1e-06,reverse_eng,370742653031,0.9999
"U(0.005,0.05), eps=1e-06",0.005,0.05,1e-06,reverse_eng,447209263371,0.9999
"U(0.005,0.05), eps=1e-06",0.005,0.05,1e-06,reverse_eng,539447305588,0.9999
"U(0.005,0.05), eps=1e-06",0.005,0.05,1e-06,reverse_eng,650709677419,0.9999
"U(0.005,0.05), eps=1e-06",0.005,0.05,1e-06,binary_risk,433806451,0.2681
"U(0.005,0.05), eps=1e-06",0.005,0.05,1e-06,binary_risk,523280129,0.29263
"U(0.005,0.05), eps=1e-06",0.005,0.05,1e-06,binary_risk,631207980,0.3192
"U(0.005,0.05), eps=1e-06",0.005,0.05,1e-06,binary_risk,761396224,0.3479
"U(0.005,0.05), eps=1e-06",0.005,0.05,1e-06,binary_risk,918436122,0.3785
"U(0.005,0.05), eps=1e-06",0.005,0.05,1e-06,binary_risk,1107865896,0.41075
"U(0.005,0.05), eps=1e-06",0.005,0.05,1e-06,binary_risk,1336366041,0.44593
"U(0.005,0.05), eps=1e-06",0.005,0.05,1e-06,binary_risk,1611994918,0.48287
"U(0.005,0.05), eps=1e-06",0.005,0.05,1e-06,binary_risk,1944472949,0.51933
"U(0.005,0.05), eps=1e-06",0.005,0.05,1e-06,binary_risk,2345525415,0.55868
"U(0.005,0.05), eps=1e-06",0.005,0.05,1e-06,binary_risk,2829295968,0.60035
"U(0.005,0.05), eps=1e-06",0.005,0.05,1e-06,binary_risk,3412845421,0.64087
"U(0.005,0.05), eps=1e-06",0.005,0.05,1e-06,binary_risk,4116753425,0.68653
"U(0.005,0.05), eps=1e-06",0.005,0.05,1e-06,binary_risk,4965844236,0.72775
"U(0.005,0.05), eps=1e-06",0.005,0.05,1e-06,binary_risk,5990062176,0.77272
"U(0.005,0.05), eps=1e-06",0.005,0.05,1e-06,binary_risk,7225527657,0.80837
"U(0.005,0.05), eps=1e-06",0.005,0.05,1e-06,binary_risk,8715811021,0.84518
"U(0.005,0.05), eps=1e-06",0.005,0.05,1e-06,binary_risk,10513469099,0.87692
"U(0.005,0.05), eps=1e-06",0.005,0.05,1e-06,binary_risk,12681898705,0.90555
"U(0.005,0.05), eps=1e-06",0.005,0.05,1e-06,binary_risk,15297572404,0.92837
"U(0.005,0.05), eps=1e-06",0.005,0.05,1e-06,binary_risk,18452735422,0.95098
"U(0.005,0.05), eps=1e-06",0.005,0.05,1e-06,binary_risk,22258658797,0.9653
"U(0.005,0.05), eps=1e-06",0.005,0.05,1e-06,binary_risk,26849563499,0.97818
"U(0.005,0.05), eps=1e-06",0.005,0.05,1e-06,binary_risk,32387353913,0.98542
"U(0.005,0.05), eps=1e-06",0.005,0.05,1e-06,binary_risk,39067327613,0.99298
"U(0.005,0.05), eps=1e-06",0.005,0.05,1e-06,binary_risk,47125062791,0.99608
"U(0.005,0.05), eps=1e-06",0.005,0.05,1e-06,binary_risk,56844726240,0.9982
"U(0.005,0.05), eps=1e-06",0.005,0.05,1e-06,binary_risk,68569094871,0.9985
"U(0.005,0.05), eps=1e-06",0.005,0.05,1e-06,binary_risk,82711644200,0.99905
"U(0.005,0.05), eps=1e-06",0.005,0.05,1e-06,binary_risk,99771130115,0.99948
"U(0.005,0.05), eps=1e-06",0.005,0.05,1e-06,binary_risk,120349178169,0.99972
"U(0.005,0.05), eps=1e-06",0.005,0.05,1e-06,binary_risk,145171500706,0.99948
"U(0.005,0.05), eps=1e-06",0.005,0.05,1e-06,binary_risk,175113490078,0.9998
"U(0.005,0.05), eps=1e-06",0.005,0.05,1e-06,binary_risk,211231090526,0.99977
"U(0.005,0.05), eps=1e-06",0.005,0.05,1e-06,binary_risk,254798037460,0.99997
"U(0.005,0.05), eps=1e-06",0.005,0.05,1e-06,binary_risk,307350777443,1.0
"U(0.005,0.05), eps=1e-06",0.005,0.05,1e-06,binary_risk,370742653031,1.0
"U(0.005,0.05), eps=1e-06",0.005,0.05,1e-06,binary_risk,447209263371,1.0
"U(0.005,0.05), eps=1e-06",0.005,0.05,1e-06,binary_risk,539447305588,1.0
"U(0.005,0.05), eps=1e-06",0.005,0.05,1e-06,binary_risk,650709677419,1.0
"U(0.005,0.05), eps=1e-06",0.005,0.05,1e-06,reverse_eng_risk,433806451,0.27372
"U(0.005,0.05), eps=1e-06",0.005,0.05,1e-06,reverse_eng_risk,523280129,0.29938
"U(0.005,0.05), eps=1e-06",0.005,0.05,1e-06,reverse_eng_risk,631207980,0.3248
"U(0.005,0.05), eps=1e-06",0.005,0.05,1e-06,reverse_eng_risk,761396224,0.35587
"U(0.005,0.05), eps=1e-06",0.005,0.05,1e-06,reverse_eng_risk,918436122,0.38772
"U(0.005,0.05), eps=1e-06",0.005,0.05,1e-06,reverse_eng_risk,1107865896,0.42007
"U(0.005,0.05), eps=1e-06",0.005,0.05,1e-06,reverse_eng_risk,1336366041,0.4557
"U(0.005,0.05), eps=1e-06",0.005,0.05,1e-06,reverse_eng_risk,1611994918,0.49257
"U(0.005,0.05), eps=1e-06",0.005,0.05,1e-06,reverse_eng_risk,1944472949,0.5316
"U(0.005,0.05), eps=1e-06",0.005,0.05,1e-06,reverse_eng_risk,2345525415,0.56832
"U(0.005,0.05), eps=1e-06",0.005,0.05,1e-06,reverse_eng_risk,2829295968,0.60798
"U(0.005,0.05), eps=1e-06",0.005,0.05,1e-06,reverse_eng_risk,3412845421,0.65012
"U(0.005,0.05), eps=1e-06",0.005,0.05,1e-06,reverse_eng_risk,4116753425,0.69298
"U(0.005,0.05), eps=1e-06",0.005,0.05,1e-06,reverse_eng_risk,4965844236,0.73185
"U(0.005,0.05), eps=1e-06",0.005,0.05,1e-06,reverse_eng_risk,5990062176,0.7716
"U(0.005,0.05), eps=1e-06",0.005,0.05,1e-06,reverse_eng_risk,7225527657,0.80855
"U(0.005,0.05), eps=1e-06",0.005,0.05,1e-06,reverse_eng_risk,8715811021,0.84575
"U(0.005,0.05), eps=1e-06",0.005,0.05,1e-06,reverse_eng_risk,10513469099,0.8738
"U(0.005,0.05), eps=1e-06",0.005,0.05,1e-06,reverse_eng_risk,12681898705,0.90277
"U(0.005,0.05), eps=1e-06",0.005,0.05,1e-06,reverse_eng_risk,15297572404,0.92832
"U(0.005,0.05), eps=1e-06",0.005,0.05,1e-06,reverse_eng_risk,18452735422,0.94732
"U(0.005,0.05), eps=1e-06",0.005,0.05,1e-06,reverse_eng_risk,22258658797,0.96405
"U(0.005,0.05), eps=1e-06",0.005,0.05,1e-06,reverse_eng_risk,26849563499,0.97793
"U(0.005,0.05), eps=1e-06",0.005,0.05,1e-06,reverse_eng_risk,32387353913,0.98672
"U(0.005,0.05), eps=1e-06",0.005,0.05,1e-06,reverse_eng_risk,39067327613,0.99215
"U(0.005,0.05), eps=1e-06",0.005,0.05,1e-06,reverse_eng_risk,47125062791,0.9963
"U(0.005,0.05), eps=1e-06",0.005,0.05,1e-06,reverse_eng_risk,56844726240,0.99818
"U(0.005,0.05), eps=1e-06",0.005,0.05,1e-06,reverse_eng_risk,68569094871,0.99915
"U(0.005,0.05), eps=1e-06",0.005,0.05,1e-06,reverse_eng_risk,82711644200,0.99965
"U(0.005,0.05), eps=1e-06",0.005,0.05,1e-06,reverse_eng_risk,99771130115,0.99982
"U(0.005,0.05), eps=1e-06",0.005,0.05,1e-06,reverse_eng_risk,120349178169,0.99992
"U(0.005,0.05), eps=1e-06",0.005,0.05,1e-06,reverse_eng_risk,145171500706,0.99995
"U(0.005,0.05), eps=1e-06",0.005,0.05,1e-06,reverse_eng_risk,175113490078,0.99997
"U(0.005,0.05), eps=1e-06",0.005,0.05,1e-06,reverse_eng_risk,211231090526,1.0
"U(0.005,0.05), eps=1e-06",0.005,0.05,1e-06,reverse_eng_risk,254798037460,1.0
"U(0.005,0.05), eps=1e-06",0.005,0.05,1e-06,reverse_eng_risk,307350777443,1.0
"U(0.005,0.05), eps=1e-06",0.005,0.05,1e-06,reverse_eng_risk,370742653031,1.0
"U(0.005,0.05), eps=1e-06",0.005,0.05,1e-06,reverse_eng_risk,447209263371,1.0
"U(0.005,0.05), eps=1e-06",0.005,0.05,1e-06,reverse_eng_risk,539447305588,1.0
"U(0.005,0.05), eps=1e-06",0.005,0.05,1e-06,reverse_eng_risk,650709677419,1.0
"U(0.0001,0.001), eps=1e-04",0.0001,0.001,0.0001,brute,856,0.0
"U(0.0001,0.001), eps=1e-04",0.0001,0.001,0.0001,brute,1033,0.0
"U(0.0001,0.001), eps=1e-04",0.0001,0.001,0.0001,brute,1246,0.0
"U(0.0001,0.001), eps=1e-04",0.0001,0.001,0.0001,brute,1503,0.0
"U(0.0001,0.001), eps=1e-04",0.0001,0.001,0.0001,brute,1813,0.11123
"U(0.0001,0.001), eps=1e-04",0.0001,0.001,0.0001,brute,2187,0.11123
"U(0.0001,0.001), eps=1e-04",0.0001,0.001,0.0001,brute,2638,0.11123
"U(0.0001,0.001), eps=1e-04",0.0001,0.001,0.0001,brute,3182,0.21952
"U(0.0001,0.001), eps=1e-04",0.0001,0.001,0.0001,brute,3839,0.21952
"U(0.0001,0.001), eps=1e-04",0.0001,0.001,0.0001,brute,4631,0.21952
"U(0.0001,0.001), eps=1e-04",0.0001,0.001,0.0001,brute,5586,0.29507
"U(0.0001,0.001), eps=1e-04",0.0001,0.001,0.0001,brute,6738,0.3631
"U(0.0001,0.001), eps=1e-04",0.0001,0.001,0.0001,brute,8128,0.41685
"U(0.0001,0.001), eps=1e-04",0.0001,0.001,0.0001,brute,9805,0.46475
"U(0.0001,0.001), eps=1e-04",0.0001,0.001,0.0001,brute,11827,0.5057
"U(0.0001,0.001), eps=1e-04",0.0001,0.001,0.0001,brute,14266,0.57615
"U(0.0001,0.001), eps=1e-04",0.0001,0.001,0.0001,brute,17209,0.60928
"U(0.0001,0.001), eps=1e-04",0.0001,0.001,0.0001,brute,20759,0.68078
"U(0.0001,0.001), eps=1e-04",0.0001,0.001,0.0001,brute,25040,0.71898
"U(0.0001,0.001), eps=1e-04",0.0001,0.001,0.0001,brute,30205,0.7798
"U(0.0001,0.001), eps=1e-04",0.0001,0.001,0.0001,brute,36435,0.82737
"U(0.0001,0.001), eps=1e-04",0.0001,0.001,0.0001,brute,43950,0.861
"U(0.0001,0.001), eps=1e-04",0.0001,0.001,0.0001,brute,53015,0.8989
"U(0.0001,0.001), eps=1e-04",0.0001,0.001,0.0001,brute,63949,0.93015
"U(0.0001,0.001), eps=1e-04",0.0001,0.001,0.0001,brute,77139,0.95605
"U(0.0001,0.001), eps=1e-04",0.0001,0.001,0.0001,brute,93049,0.97178
"U(0.0001,0.001), eps=1e-04",0.0001,0.001,0.0001,brute,112241,0.98285
"U(0.0001,0.001), eps=1e-04",0.0001,0.001,0.0001,brute,135391,0.9908
"U(0.0001,0.001), eps=1e-04",0.0001,0.001,0.0001,brute,163315,0.99533
"U(0.0001,0.001), eps=1e-04",0.0001,0.001,0.0001,brute,197000,0.9981
"U(0.0001,0.001), eps=1e-04",0.0001,0.001,0.0001,brute,237632,0.99938
"U(0.0001,0.001), eps=1e-04",0.0001,0.001,0.0001,brute,286644,0.99972
"U(0.0001,0.001), eps=1e-04",0.0001,0.001,0.0001,brute,345765,1.0
"U(0.0001,0.001), eps=1e-04",0.0001,0.001,0.0001,brute,417080,1.0
"U(0.0001,0.001), eps=1e-04",0.0001,0.001,0.0001,brute,503104,1.0
"U(0.0001,0.001), eps=1e-04",0.0001,0.001,0.0001,brute,606870,1.0
"U(0.0001,0.001), eps=1e-04",0.0001,0.001,0.0001,brute,732039,1.0
"U(0.0001,0.001), eps=1e-04",0.0001,0.001,0.0001,brute,883024,1.0
"U(0.0001,0.001), eps=1e-04",0.0001,0.001,0.0001,brute,1065150,1.0
"U(0.0001,0.001), eps=1e-04",0.0001,0.001,0.0001,brute,1284840,1.0
"U(0.0001,0.001), eps=1e-04",0.0001,0.001,0.0001,separable,856,0.0
"U(0.0001,0.001), eps=1e-04",0.0001,0.001,0.0001,separable,1033,0.0
"U(0.0001,0.001), eps=1e-04",0.0001,0.001,0.0001,separable,1246,0.0
"U(0.0001,0.001), eps=1e-04",0.0001,0.001,0.0001,separable,1503,0.0
"U(0.0001,0.001), eps=1e-04",0.0001,0.001,0.0001,separable,1813,0.0
"U(0.0001,0.001), eps=1e-04",0.0001,0.001,0.0001,separable,2187,0.0
"U(0.0001,0.001), eps=1e-04",0.0001,0.001,0.0001,separable,2638,0.0
"U(0.0001,0.001), eps=1e-04",0.0001,0.001,0.0001,separable,3182,0.0
"U(0.0001,0.001), eps=1e-04",0.0001,0.001,0.0001,separable,3839,0.0
"U(0.0001,0.001), eps=1e-04",0.0001,0.001,0.0001,separable,4631,0.0
"U(0.0001,0.001), eps=1e-04",0.0001,0.001,0.0001,separable,5586,0.0
"U(0.0001,0.001), eps=1e-04",0.0001,0.001,0.0001,separable,6738,0.0
"U(0.0001,0.001), eps=1e-04",0.0001,0.001,0.0001,separable,8128,0.0
"U(0.0001,0.001), eps=1e-04",0.0001,0.001,0.0001,separable,9805,0.0
"U(0.0001,0.001), eps=1e-04",0.0001,0.001,0.0001,separable,11827,0.0
"U(0.0001,0.001), eps=1e-04",0.0001,0.001,0.0001,separable,14266,0.0
"U(0.0001,0.001), eps=1e-04",0.0001,0.001,0.0001,separable,17209,0.0
"U(0.0001,0.001), eps=1e-04",0.0001,0.001,0.0001,separable,20759,0.0
"U(0.0001,0.001), eps=1e-04",0.0001,0.001,0.0001,separable,25040,0.0
"U(0.0001,0.001), eps=1e-04",0.0001,0.001,0.0001,separable,30205,0.0
"U(0.0001,0.001), eps=1e-04",0.0001,0.001,0.0001,separable,36435,0.0
"U(0.0001,0.001), eps=1e-04",0.0001,0.001,0.0001,separable,43950,0.0
"U(0.0001,0.001), eps=1e-04",0.0001,0.001,0.0001,separable,53015,0.0
"U(0.0001,0.001), eps=1e-04",0.0001,0.001,0.0001,separable,63949,0.0
"U(0.0001,0.001), eps=1e-04",0.0001,0.001,0.0001,separable,77139,0.0
"U(0.0001,0.001), eps=1e-04",0.0001,0.001,0.0001,separable,93049,0.0
"U(0.0001,0.001), eps=1e-04",0.0001,0.001,0.0001,separable,112241,0.0
"U(0.0001,0.001), eps=1e-04",0.0001,0.001,0.0001,separable,135391,0.0
"U(0.0001,0.001), eps=1e-04",0.0001,0.001,0.0001,separable,163315,0.0
"U(0.0001,0.001), eps=1e-04",0.0001,0.001,0.0001,separable,197000,0.0
"U(0.0001,0.001), eps=1e-04",0.0001,0.001,0.0001,separable,237632,0.0
"U(0.0001,0.001), eps=1e-04",0.0001,0.001,0.0001,separable,286644,0.0
"U(0.0001,0.001), eps=1e-04",0.0001,0.001,0.0001,separable,345765,0.0
"U(0.0001,0.001), eps=1e-04",0.0001,0.001,0.0001,separable,417080,0.0
"U(0.0001,0.001), eps=1e-04",0.0001,0.001,0.0001,separable,503104,0.0
"U(0.0001,0.001), eps=1e-04",0.0001,0.001,0.0001,separable,606870,0.0
"U(0.0001,0.001), eps=1e-04",0.0001,0.001,0.0001,separable,732039,0.0
"U(0.0001,0.001), eps=1e-04",0.0001,0.001,0.0001,separable,883024,0.01435
"U(0.0001,0.001), eps=1e-04",0.0001,0.001,0.0001,separable,1065150,0.05185
"U(0.0001,0.001), eps=1e-04",0.0001,0.001,0.0001,separable,1284840,0.0803
"U(0.0001,0.001), eps=1e-04",0.0001,0.001,0.0001,linear,856,0.0
"U(0.0001,0.001), eps=1e-04",0.0001,0.001,0.0001,linear,1033,0.0
"U(0.0001,0.001), eps=1e-04",0.0001,0.001,0.0001,linear,1246,0.0
"U(0.0001,0.001), eps=1e-04",0.0001,0.001,0.0001,linear,1503,0.0
"U(0.0001,0.001), eps=1e-04",0.0001,0.001,0.0001,linear,1813,0.0
"U(0.0001,0.001), eps=1e-04",0.0001,0.001,0.0001,linear,2187,0.0
"U(0.0001,0.001), eps=1e-04",0.0001,0.001,0.0001,linear,2638,0.0
"U(0.0001,0.001), eps=1e-04",0.0001,0.001,0.0001,linear,3182,0.0
"U(0.0001,0.001), eps=1e-04",0.0001,0.001,0.0001,linear,3839,0.0
"U(0.0001,0.001), eps=1e-04",0.0001,0.001,0.0001,linear,4631,0.0
"U(0.0001,0.001), eps=1e-04",0.0001,0.001,0.0001,linear,5586,0.0
"U(0.0001,0.001), eps=1e-04",0.0001,0.001,0.0001,linear,6738,0.11085
"U(0.0001,0.001), eps=1e-04",0.0001,0.001,0.0001,linear,8128,0.2191
"U(0.0001,0.001), eps=1e-04",0.0001,0.001,0.0001,linear,9805,0.2191
"U(0.0001,0.001), eps=1e-04",0.0001,0.001,0.0001,linear,11827,0.29923
"U(0.0001,0.001), eps=1e-04",0.0001,0.001,0.0001,linear,14266,0.3638
"U(0.0001,0.001), eps=1e-04",0.0001,0.001,0.0001,linear,17209,0.29923
"U(0.0001,0.001), eps=1e-04",0.0001,0.001,0.0001,linear,20759,0.47015
"U(0.0001,0.001), eps=1e-04",0.0001,0.001,0.0001,linear,25040,0.47015
"U(0.0001,0.001), eps=1e-04",0.0001,0.001,0.0001,linear,30205,0.564
"U(0.0001,0.001), eps=1e-04",0.0001,0.001,0.0001,linear,36435,0.6544
"U(0.0001,0.001), eps=1e-04",0.0001,0.001,0.0001,linear,43950,0.72455
"U(0.0001,0.001), eps=1e-04",0.0001,0.001,0.0001,linear,53015,0.79017
"U(0.0001,0.001), eps=1e-04",0.0001,0.001,0.0001,linear,63949,0.85147
"U(0.0001,0.001), eps=1e-04",0.0001,0.001,0.0001,linear,77139,0.8998
"U(0.0001,0.001), eps=1e-04",0.0001,0.001,0.0001,linear,93049,0.93535
"U(0.0001,0.001), eps=1e-04",0.0001,0.001,0.0001,linear,112241,0.9615
"U(0.0001,0.001), eps=1e-04",0.0001,0.001,0.0001,linear,135391,0.97162
"U(0.0001,0.001), eps=1e-04",0.0001,0.001,0.0001,linear,163315,0.98782
"U(0.0001,0.001), eps=1e-04",0.0001,0.001,0.0001,linear,197000,0.99425
"U(0.0001,0.001), eps=1e-04",0.0001,0.001,0.0001,linear,237632,0.99667
"U(0.0001,0.001), eps=1e-04",0.0001,0.001,0.0001,linear,286644,0.99882
"U(0.0001,0.001), eps=1e-04",0.0001,0.001,0.0001,linear,345765,0.9996
"U(0.0001,0.001), eps=1e-04",0.0001,0.001,0.0001,linear,417080,0.99985
"U(0.0001,0.001), eps=1e-04",0.0001,0.001,0.0001,linear,503104,0.99997
"U(0.0001,0.001), eps=1e-04",0.0001,0.001,0.0001,linear,606870,1.0
"U(0.0001,0.001), eps=1e-04",0.0001,0.001,0.0001,linear,732039,1.0
"U(0.0001,0.001), eps=1e-04",0.0001,0.001,0.0001,linear,883024,1.0
"U(0.0001,0.001), eps=1e-04",0.0001,0.001,0.0001,linear,1065150,1.0
"U(0.0001,0.001), eps=1e-04",0.0001,0.001,0.0001,linear,1284840,1.0
"U(0.0001,0.001), eps=1e-04",0.0001,0.001,0.0001,binary,856,0.0
"U(0.0001,0.001), eps=1e-04",0.0001,0.001,0.0001,binary,1033,0.0
"U(0.0001,0.001), eps=1e-04",0.0001,0.001,0.0001,binary,1246,0.0
"U(0.0001,0.001), eps=1e-04",0.0001,0.001,0.0001,binary,1503,0.0
"U(0.0001,0.001), eps=1e-04",0.0001,0.001,0.0001,binary,1813,0.0
"U(0.0001,0.001), eps=1e-04",0.0001,0.001,0.0001,binary,2187,0.0
"U(0.0001,0.001), eps=1e-04",0.0001,0.001,0.0001,binary,2638,0.0
"U(0.0001,0.001), eps=1e-04",0.0001,0.001,0.0001,binary,3182,0.0
"U(0.0001,0.001), eps=1e-04",0.0001,0.001,0.0001,binary,3839,0.0
"U(0.0001,0.001), eps=1e-04",0.0001,0.001,0.0001,binary,4631,0.0
"U(0.0001,0.001), eps=1e-04",0.0001,0.001,0.0001,binary,5586,0.0
"U(0.0001,0.001), eps=1e-04",0.0001,0.001,0.0001,binary,6738,0.0
"U(0.0001,0.001), eps=1e-04",0.0001,0.001,0.0001,binary,8128,0.0
"U(0.0001,0.001), eps=1e-04",0.0001,0.001,0.0001,binary,9805,0.0
"U(0.0001,0.001), eps=1e-04",0.0001,0.001,0.0001,binary,11827,0.0
"U(0.0001,0.001), eps=1e-04",0.0001,0.001,0.0001,binary,14266,0.0
"U(0.0001,0.001), eps=1e-04",0.0001,0.001,0.0001,binary,17209,0.0
"U(0.0001,0.001), eps=1e-04",0.0001,0.001,0.0001,binary,20759,0.0
"U(0.0001,0.001), eps=1e-04",0.0001,0.001,0.0001,binary,25040,0.0
"U(0.0001,0.001), eps=1e-04",0.0001,0.001,0.0001,binary,30205,0.0
"U(0.0001,0.001), eps=1e-04",0.0001,0.001,0.0001,binary,36435,0.0
"U(0.0001,0.001), eps=1e-04",0.0001,0.001,0.0001,binary,43950,0.16537
"U(0.0001,0.001), eps=1e-04",0.0001,0.001,0.0001,binary,53015,0.16537
"U(0.0001,0.001), eps=1e-04",0.0001,0.001,0.0001,binary,63949,0.16055
"U(0.0001,0.001), eps=1e-04",0.0001,0.001,0.0001,binary,77139,0.16055
"U(0.0001,0.001), eps=1e-04",0.0001,0.001,0.0001,binary,93049,0.16537
"U(0.0001,0.001), eps=1e-04",0.0001,0.001,0.0001,binary,112241,0.1544
"U(0.0001,0.001), eps=1e-04",0.0001,0.001,0.0001,binary,135391,0.1544
"U(0.0001,0.001), eps=1e-04",0.0001,0.001,0.0001,binary,163315,0.16055
"U(0.0001,0.001), eps=1e-04",0.0001,0.001,0.0001,binary,197000,0.14793
"U(0.0001,0.001), eps=1e-04",0.0001,0.001,0.0001,binary,237632,0.27503
"U(0.0001,0.001), eps=1e-04",0.0001,0.001,0.0001,binary,286644,0.26603
"U(0.0001,0.001), eps=1e-04",0.0001,0.001,0.0001,binary,345765,0.41205
"U(0.0001,0.001), eps=1e-04",0.0001,0.001,0.0001,binary,417080,0.5437
"U(0.0001,0.001), eps=1e-04",0.0001,0.001,0.0001,binary,503104,0.72023
"U(0.0001,0.001), eps=1e-04",0.0001,0.001,0.0001,binary,606870,0.75092
"U(0.0001,0.001), eps=1e-04",0.0001,0.001,0.0001,binary,732039,0.7925
"U(0.0001,0.001), eps=1e-04",0.0001,0.001,0.0001,binary,883024,0.8927
"U(0.0001,0.001), eps=1e-04",0.0001,0.001,0.0001,binary,1065150,0.97072
"U(0.0001,0.001), eps=1e-04",0.0001,0.001,0.0001,binary,1284840,0.97288
"U(0.0001,0.001), eps=1e-04",0.0001,0.001,0.0001,reverse_eng,856,0.0
"U(0.0001,0.001), eps=1e-04",0.0001,0.001,0.0001,reverse_eng,1033,0.0
"U(0.0001,0.001), eps=1e-04",0.0001,0.001,0.0001,reverse_eng,1246,0.0
"U(0.0001,0.001), eps=1e-04",0.0001,0.001,0.0001,reverse_eng,1503,0.0
"U(0.0001,0.001), eps=1e-04",0.0001,0.001,0.0001,reverse_eng,1813,0.0
"U(0.0001,0.001), eps=1e-04",0.0001,0.001,0.0001,reverse_eng,2187,0.0
"U(0.0001,0.001), eps=1e-04",0.0001,0.001,0.0001,reverse_eng,2638,0.0
"U(0.0001,0.001), eps=1e-04",0.0001,0.001,0.0001,reverse_eng,3182,0.0
"U(0.0001,0.001), eps=1e-04",0.0001,0.001,0.0001,reverse_eng,3839,0.0
"U(0.0001,0.001), eps=1e-04",0.0001,0.001,0.0001,reverse_eng,4631,0.0
"U(0.0001,0.001), eps=1e-04",0.0001,0.001,0.0001,reverse_eng,5586,0.0
"U(0.0001,0.001), eps=1e-04",0.0001,0.001,0.0001,reverse_eng,6738,0.0
"U(0.0001,0.001), eps=1e-04",0.0001,0.001,0.0001,reverse_eng,8128,0.0
"U(0.0001,0.001), eps=1e-04",0.0001,0.001,0.0001,reverse_eng,9805,0.0
"U(0.0001,0.001), eps=1e-04",0.0001,0.001,0.0001,reverse_eng,11827,0.0
"U(0.0001,0.001), eps=1e-04",0.0001,0.001,0.0001,reverse_eng,14266,0.0
"U(0.0001,0.001), eps=1e-04",0.0001,0.001,0.0001,reverse_eng,17209,0.0
"U(0.0001,0.001), eps=1e-04",0.0001,0.001,0.0001,reverse_eng,20759,0.0
"U(0.0001,0.001), eps=1e-04",0.0001,0.001,0.0001,reverse_eng,25040,0.0
"U(0.0001,0.001), eps=1e-04",0.0001,0.001,0.0001,reverse_eng,30205,0.0
"U(0.0001,0.001), eps=1e-04",0.0001,0.001,0.0001,reverse_eng,36435,0.57663
"U(0.0001,0.001), eps=1e-04",0.0001,0.001,0.0001,reverse_eng,43950,0.74862
"U(0.0001,0.001), eps=1e-04",0.0001,0.001,0.0001,reverse_eng,53015,0.78643
"U(0.0001,0.001), eps=1e-04",0.0001,0.001,0.0001,reverse_eng,63949,0.82255
"U(0.0001,0.001), eps=1e-04",0.0001,0.001,0.0001,reverse_eng,77139,0.87047
"U(0.0001,0.001), eps=1e-04",0.0001,0.001,0.0001,reverse_eng,93049,0.90748
"U(0.0001,0.001), eps=1e-04",0.0001,0.001,0.0001,reverse_eng,112241,0.93507
"U(0.0001,0.001), eps=1e-04",0.0001,0.001,0.0001,reverse_eng,135391,0.95455
"U(0.0001,0.001), eps=1e-04",0.0001,0.001,0.0001,reverse_eng,163315,0.97018
"U(0.0001,0.001), eps=1e-04",0.0001,0.001,0.0001,reverse_eng,197000,0.98208
"U(0.0001,0.001), eps=1e-04",0.0001,0.001,0.0001,reverse_eng,237632,0.98942
"U(0.0001,0.001), eps=1e-04",0.0001,0.001,0.0001,reverse_eng,286644,0.99275
"U(0.0001,0.001), eps=1e-04",0.0001,0.001,0.0001,reverse_eng,345765,0.99638
"U(0.0001,0.001), eps=1e-04",0.0001,0.001,0.0001,reverse_eng,417080,0.99775
"U(0.0001,0.001), eps=1e-04",0.0001,0.001,0.0001,reverse_eng,503104,0.99865
"U(0.0001,0.001), eps=1e-04",0.0001,0.001,0.0001,reverse_eng,606870,0.99923
"U(0.0001,0.001), eps=1e-04",0.0001,0.001,0.0001,reverse_eng,732039,0.99938
"U(0.0001,0.001), eps=1e-04",0.0001,0.001,0.0001,reverse_eng,883024,0.99938
"U(0.0001,0.001), eps=1e-04",0.0001,0.001,0.0001,reverse_eng,1065150,0.99938
"U(0.0001,0.001), eps=1e-04",0.0001,0.001,0.0001,reverse_eng,1284840,0.99935
"U(0.0001,0.001), eps=1e-04",0.0001,0.001,0.0001,binary_risk,856,0.0
"U(0.0001,0.001), eps=1e-04",0.0001,0.001,0.0001,binary_risk,1033,0.0
"U(0.0001,0.001), eps=1e-04",0.0001,0.001,0.0001,binary_risk,1246,0.0
"U(0.0001,0.001), eps=1e-04",0.0001,0.001,0.0001,binary_risk,1503,0.0
"U(0.0001,0.001), eps=1e-04",0.0001,0.001,0.0001,binary_risk,1813,0.0
"U(0.0001,0.001), eps=1e-04",0.0001,0.001,0.0001,binary_risk,2187,0.0
"U(0.0001,0.001), eps=1e-04",0.0001,0.001,0.0001,binary_risk,2638,0.0
"U(0.0001,0.001), eps=1e-04",0.0001,0.001,0.0001,binary_risk,3182,0.0
"U(0.0001,0.001), eps=1e-04",0.0001,0.001,0.0001,binary_risk,3839,0.0
"U(0.0001,0.001), eps=1e-04",0.0001,0.001,0.0001,binary_risk,4631,0.0
"U(0.0001,0.001), eps=1e-04",0.0001,0.001,0.0001,binary_risk,5586,0.0
"U(0.0001,0.001), eps=1e-04",0.0001,0.001,0.0001,binary_risk,6738,0.0
"U(0.0001,0.001), eps=1e-04",0.0001,0.001,0.0001,binary_risk,8128,0.0
"U(0.0001,0.001), eps=1e-04",0.0001,0.001,0.0001,binary_risk,9805,0.0
"U(0.0001,0.001), eps=1e-04",0.0001,0.001,0.0001,binary_risk,11827,0.0
"U(0.0001,0.001), eps=1e-04",0.0001,0.001,0.0001,binary_risk,14266,0.0
"U(0.0001,0.001), eps=1e-04",0.0001,0.001,0.0001,binary_risk,17209,0.0
"U(0.0001,0.001), eps=1e-04",0.0001,0.001,0.0001,binary_risk,20759,0.0
"U(0.0001,0.001), eps=1e-04",0.0001,0.001,0.0001,binary_risk,25040,0.0
"U(0.0001,0.001), eps=1e-04",0.0001,0.001,0.0001,binary_risk,30205,0.0
"U(0.0001,0.001), eps=1e-04",0.0001,0.001,0.0001,binary_risk,36435,0.28058
"U(0.0001,0.001), eps=1e-04",0.0001,0.001,0.0001,binary_risk,43950,0.56025
"U(0.0001,0.001), eps=1e-04",0.0001,0.001,0.0001,binary_risk,53015,0.74443
"U(0.0001,0.001), eps=1e-04",0.0001,0.001,0.0001,binary_risk,63949,0.85132
"U(0.0001,0.001), eps=1e-04",0.0001,0.001,0.0001,binary_risk,77139,0.91533
"U(0.0001,0.001), eps=1e-04",0.0001,0.001,0.0001,binary_risk,93049,0.95283
"U(0.0001,0.001), eps=1e-04",0.0001,0.001,0.0001,binary_risk,112241,0.9762
"U(0.0001,0.001), eps=1e-04",0.0001,0.001,0.0001,binary_risk,135391,0.9889
"U(0.0001,0.001), eps=1e-04",0.0001,0.001,0.0001,binary_risk,163315,0.99538
"U(0.0001,0.001), eps=1e-04",0.0001,0.001,0.0001,binary_risk,197000,0.99805
"U(0.0001,0.001), eps=1e-04",0.0001,0.001,0.0001,binary_risk,237632,0.99925
"U(0.0001,0.001), eps=1e-04",0.0001,0.001,0.0001,binary_risk,286644,0.9996
"U(0.0001,0.001), eps=1e-04",0.0001,0.001,0.0001,binary_risk,345765,0.9999
"U(0.0001,0.001), eps=1e-04",0.0001,0.001,0.0001,binary_risk,417080,0.99992
"U(0.0001,0.001), eps=1e-04",0.0001,0.001,0.0001,binary_risk,503104,1.0
"U(0.0001,0.001), eps=1e-04",0.0001,0.001,0.0001,binary_risk,606870,1.0
"U(0.0001,0.001), eps=1e-04",0.0001,0.001,0.0001,binary_risk,732039,1.0
"U(0.0001,0.001), eps=1e-04",0.0001,0.001,0.0001,binary_risk,883024,1.0
"U(0.0001,0.001), eps=1e-04",0.0001,0.001,0.0001,binary_risk,1065150,1.0
"U(0.0001,0.001), eps=1e-04",0.0001,0.001,0.0001,binary_risk,1284840,0.99997
"U(0.0001,0.001), eps=1e-04",0.0001,0.001,0.0001,reverse_eng_risk,856,0.0
"U(0.0001,0.001), eps=1e-04",0.0001,0.001,0.0001,reverse_eng_risk,1033,0.0
"U(0.0001,0.001), eps=1e-04",0.0001,0.001,0.0001,reverse_eng_risk,1246,0.0
"U(0.0001,0.001), eps=1e-04",0.0001,0.001,0.0001,reverse_eng_risk,1503,0.0
"U(0.0001,0.001), eps=1e-04",0.0001,0.001,0.0001,reverse_eng_risk,1813,0.0
"U(0.0001,0.001), eps=1e-04",0.0001,0.001,0.0001,reverse_eng_risk,2187,0.0
"U(0.0001,0.001), eps=1e-04",0.0001,0.001,0.0001,reverse_eng_risk,2638,0.0
"U(0.0001,0.001), eps=1e-04",0.0001,0.001,0.0001,reverse_eng_risk,3182,0.0
"U(0.0001,0.001), eps=1e-04",0.0001,0.001,0.0001,reverse_eng_risk,3839,0.0
"U(0.0001,0.001), eps=1e-04",0.0001,0.001,0.0001,reverse_eng_risk,4631,0.0
"U(0.0001,0.001), eps=1e-04",0.0001,0.001,0.0001,reverse_eng_risk,5586,0.0
"U(0.0001,0.001), eps=1e-04",0.0001,0.001,0.0001,reverse_eng_risk,6738,0.0
"U(0.0001,0.001), eps=1e-04",0.0001,0.001,0.0001,reverse_eng_risk,8128,0.0
"U(0.0001,0.001), eps=1e-04",0.0001,0.001,0.0001,reverse_eng_risk,9805,0.0
"U(0.0001,0.001), eps=1e-04",0.0001,0.001,0.0001,reverse_eng_risk,11827,0.0
"U(0.0001,0.001), eps=1e-04",0.0001,0.001,0.0001,reverse_eng_risk,14266,0.0
"U(0.0001,0.001), eps=1e-04",0.0001,0.001,0.0001,reverse_eng_risk,17209,0.0
"U(0.0001,0.001), eps=1e-04",0.0001,0.001,0.0001,reverse_eng_risk,20759,0.0
"U(0.0001,0.001), eps=1e-04",0.0001,0.001,0.0001,reverse_eng_risk,25040,0.0
"U(0.0001,0.001), eps=1e-04",0.0001,0.001,0.0001,reverse_eng_risk,30205,0.0
"U(0.0001,0.001), eps=1e-04",0.0001,0.001,0.0001,reverse_eng_risk,36435,0.28058
"U(0.0001,0.001), eps=1e-04",0.0001,0.001,0.0001,reverse_eng_risk,43950,0.53485
"U(0.0001,0.001), eps=1e-04",0.0001,0.001,0.0001,reverse_eng_risk,53015,0.7064
"U(0.0001,0.001), eps=1e-04",0.0001,0.001,0.0001,reverse_eng_risk,63949,0.81022
"U(0.0001,0.001), eps=1e-04",0.0001,0.001,0.0001,reverse_eng_risk,77139,0.88858
"U(0.0001,0.001), eps=1e-04",0.0001,0.001,0.0001,reverse_eng_risk,93049,0.93475
"U(0.0001,0.001), eps=1e-04",0.0001,0.001,0.0001,reverse_eng_risk,112241,0.96562
"U(0.0001,0.001), eps=1e-04",0.0001,0.001,0.0001,reverse_eng_risk,135391,0.9817
"U(0.0001,0.001), eps=1e-04",0.0001,0.001,0.0001,reverse_eng_risk,163315,0.98742
"U(0.0001,0.001), eps=1e-04",0.0001,0.001,0.0001,reverse_eng_risk,197000,0.99135
"U(0.0001,0.001), eps=1e-04",0.0001,0.001,0.0001,reverse_eng_risk,237632,0.9985
"U(0.0001,0.001), eps=1e-04",0.0001,0.001,0.0001,reverse_eng_risk,286644,0.9992
"U(0.0001,0.001), eps=1e-04",0.0001,0.001,0.0001,reverse_eng_risk,345765,0.9997
"U(0.0001,0.001), eps=1e-04",0.0001,0.001,0.0001,reverse_eng_risk,417080,0.99992
"U(0.0001,0.001), eps=1e-04",0.0001,0.001,0.0001,reverse_eng_risk,503104,0.99997
"U(0.0001,0.001), eps=1e-04",0.0001,0.001,0.0001,reverse_eng_risk,606870,1.0
"U(0.0001,0.001), eps=1e-04",0.0001,0.001,0.0001,reverse_eng_risk,732039,1.0
"U(0.0001,0.001), eps=1e-04",0.0001,0.001,0.0001,reverse_eng_risk,883024,1.0
"U(0.0001,0.001), eps=1e-04",0.0001,0.001,0.0001,reverse_eng_risk,1065150,1.0
"U(0.0001,0.001), eps=1e-04",0.0001,0.001,0.0001,reverse_eng_risk,1284840,1.0
"U(0.0001,0.001), eps=1e-06",0.0001,0.001,1e-06,brute,8565605,0.1828
"U(0.0001,0.001), eps=1e-06",0.0001,0.001,1e-06,brute,10332282,0.20192
"U(0.0001,0.001), eps=1e-06",0.0001,0.001,1e-06,brute,12463342,0.22265
"U(0.0001,0.001), eps=1e-06",0.0001,0.001,1e-06,brute,15033938,0.24213
"U(0.0001,0.001), eps=1e-06",0.0001,0.001,1e-06,brute,18134725,0.2648
"U(0.0001,0.001), eps=1e-06",0.0001,0.001,1e-06,brute,21875059,0.28937
"U(0.0001,0.001), eps=1e-06",0.0001,0.001,1e-06,brute,26386845,0.31662
"U(0.0001,0.001), eps=1e-06",0.0001,0.001,1e-06,brute,31829199,0.34547
"U(0.0001,0.001), eps=1e-06",0.0001,0.001,1e-06,brute,38394051,0.3751
"U(0.0001,0.001), eps=1e-06",0.0001,0.001,1e-06,brute,46312922,0.40892
"U(0.0001,0.001), eps=1e-06",0.0001,0.001,1e-06,brute,55865079,0.44565
"U(0.0001,0.001), eps=1e-06",0.0001,0.001,1e-06,brute,67387393,0.4847
"U(0.0001,0.001), eps=1e-06",0.0001,0.001,1e-06,brute,81286214,0.5244
"U(0.0001,0.001), eps=1e-06",0.0001,0.001,1e-06,brute,98051701,0.56575
"U(0.0001,0.001), eps=1e-06",0.0001,0.001,1e-06,brute,118275113,0.60933
"U(0.0001,0.001), eps=1e-06",0.0001,0.001,1e-06,brute,142669654,0.6552
"U(0.0001,0.001), eps=1e-06",0.0001,0.001,1e-06,brute,172095631,0.70127
"U(0.0001,0.001), eps=1e-06",0.0001,0.001,1e-06,brute,207590791,0.74695
"U(0.0001,0.001), eps=1e-06",0.0001,0.001,1e-06,brute,250406917,0.79248
"U(0.0001,0.001), eps=1e-06",0.0001,0.001,1e-06,brute,302053977,0.83327
"U(0.0001,0.001), eps=1e-06",0.0001,0.001,1e-06,brute,364353374,0.86962
"U(0.0001,0.001), eps=1e-06",0.0001,0.001,1e-06,brute,439502180,0.9035
"U(0.0001,0.001), eps=1e-06",0.0001,0.001,1e-06,brute,530150616,0.93288
"U(0.0001,0.001), eps=1e-06",0.0001,0.001,1e-06,brute,639495523,0.9548
"U(0.0001,0.001), eps=1e-06",0.0001,0.001,1e-06,brute,771393092,0.9719
"U(0.0001,0.001), eps=1e-06",0.0001,0.001,1e-06,brute,930494870,0.98415
"U(0.0001,0.001), eps=1e-06",0.0001,0.001,1e-06,brute,1122411792,0.99243
"U(0.0001,0.001), eps=1e-06",0.0001,0.001,1e-06,brute,1353912064,0.99665
"U(0.0001,0.001), eps=1e-06",0.0001,0.001,1e-06,brute,1633159853,0.99865
"U(0.0001,0.001), eps=1e-06",0.0001,0.001,1e-06,brute,1970003206,0.99967
"U(0.0001,0.001), eps=1e-06",0.0001,0.001,1e-06,brute,2376321352,0.99992
"U(0.0001,0.001), eps=1e-06",0.0001,0.001,1e-06,brute,2866443644,1.0
"U(0.0001,0.001), eps=1e-06",0.0001,0.001,1e-06,brute,3457654899,1.0
"U(0.0001,0.001), eps=1e-06",0.0001,0.001,1e-06,brute,4170804972,1.0
"U(0.0001,0.001), eps=1e-06",0.0001,0.001,1e-06,brute,5031044051,1.0
"U(0.0001,0.001), eps=1e-06",0.0001,0.001,1e-06,brute,6068709618,1.0
"U(0.0001,0.001), eps=1e-06",0.0001,0.001,1e-06,brute,7320396333,1.0
"U(0.0001,0.001), eps=1e-06",0.0001,0.001,1e-06,brute,8830246601,1.0
"U(0.0001,0.001), eps=1e-06",0.0001,0.001,1e-06,brute,10651507307,1.0
"U(0.0001,0.001), eps=1e-06",0.0001,0.001,1e-06,brute,12848407643,1.0
"U(0.0001,0.001), eps=1e-06",0.0001,0.001,1e-06,separable,8565605,0.0037
"U(0.0001,0.001), eps=1e-06",0.0001,0.001,1e-06,separable,10332282,0.00405
"U(0.0001,0.001), eps=1e-06",0.0001,0.001,1e-06,separable,12463342,0.00475
"U(0.0001,0.001), eps=1e-06",0.0001,0.001,1e-06,separable,15033938,0.00515
"U(0.0001,0.001), eps=1e-06",0.0001,0.001,1e-06,separable,18134725,0.0056
"U(0.0001,0.001), eps=1e-06",0.0001,0.001,1e-06,separable,21875059,0.00728
"U(0.0001,0.001), eps=1e-06",0.0001,0.001,1e-06,separable,26386845,0.0085
"U(0.0001,0.001), eps=1e-06",0.0001,0.001,1e-06,separable,31829199,0.00833
"U(0.0001,0.001), eps=1e-06",0.0001,0.001,1e-06,separable,38394051,0.00935
"U(0.0001,0.001), eps=1e-06",0.0001,0.001,1e-06,separable,46312922,0.01057
"U(0.0001,0.001), eps=1e-06",0.0001,0.001,1e-06,separable,55865079,0.0116
"U(0.0001,0.001), eps=1e-06",0.0001,0.001,1e-06,separable,67387393,0.01353
"U(0.0001,0.001), eps=1e-06",0.0001,0.001,1e-06,separable,81286214,0.0138
"U(0.0001,0.001), eps=1e-06",0.0001,0.001,1e-06,separable,98051701,0.01555
"U(0.0001,0.001), eps=1e-06",0.0001,0.001,1e-06,separable,118275113,0.01667
"U(0.0001,0.001), eps=1e-06",0.0001,0.001,1e-06,separable,142669654,0.0179
"U(0.0001,0.001), eps=1e-06",0.0001,0.001,1e-06,separable,172095631,0.02025
"U(0.0001,0.001), eps=1e-06",0.0001,0.001,1e-06,separable,207590791,0.02297
"U(0.0001,0.001), eps=1e-06",0.0001,0.001,1e-06,separable,250406917,0.02435
"U(0.0001,0.001), eps=1e-06",0.0001,0.001,1e-06,separable,302053977,0.02842
"U(0.0001,0.001), eps=1e-06",0.0001,0.001,1e-06,separable,364353374,0.02985
"U(0.0001,0.001), eps=1e-06",0.0001,0.001,1e-06,separable,439502180,0.035
"U(0.0001,0.001), eps=1e-06",0.0001,0.001,1e-06,separable,530150616,0.03723
"U(0.0001,0.001), eps=1e-06",0.0001,0.001,1e-06,separable,639495523,0.03948
"U(0.0001,0.001), eps=1e-06",0.0001,0.001,1e-06,separable,771393092,0.0444
"U(0.0001,0.001), eps=1e-06",0.0001,0.001,1e-06,separable,930494870,0.0482
"U(0.0001,0.001), eps=1e-06",0.0001,0.001,1e-06,separable,1122411792,0.0534
"U(0.0001,0.001), eps=1e-06",0.0001,0.001,1e-06,separable,1353912064,0.05875
"U(0.0001,0.001), eps=1e-06",0.0001,0.001,1e-06,separable,1633159853,0.06455
"U(0.0001,0.001), eps=1e-06",0.0001,0.001,1e-06,separable,1970003206,0.07145
"U(0.0001,0.001), eps=1e-06",0.0001,0.001,1e-06,separable,2376321352,0.07798
"U(0.0001,0.001), eps=1e-06",0.0001,0.001,1e-06,separable,2866443644,0.08715
"U(0.0001,0.001), eps=1e-06",0.0001,0.001,1e-06,separable,3457654899,0.09577
"U(0.0001,0.001), eps=1e-06",0.0001,0.001,1e-06,separable,4170804972,0.10375
"U(0.0001,0.001), eps=1e-06",0.0001,0.001,1e-06,separable,5031044051,0.1137
"U(0.0001,0.001), eps=1e-06",0.0001,0.001,1e-06,separable,6068709618,0.1247
"U(0.0001,0.001), eps=1e-06",0.0001,0.001,1e-06,separable,7320396333,0.1363
"U(0.0001,0.001), eps=1e-06",0.0001,0.001,1e-06,separable,8830246601,0.1501
"U(0.0001,0.001), eps=1e-06",0.0001,0.001,1e-06,separable,10651507307,0.164
"U(0.0001,0.001), eps=1e-06",0.0001,0.001,1e-06,separable,12848407643,0.17968
"U(0.0001,0.001), eps=1e-06",0.0001,0.001,1e-06,linear,8565605,0.18907
"U(0.0001,0.001), eps=1e-06",0.0001,0.001,1e-06,linear,10332282,0.20827
"U(0.0001,0.001), eps=1e-06",0.0001,0.001,1e-06,linear,12463342,0.21975
"U(0.0001,0.001), eps=1e-06",0.0001,0.001,1e-06,linear,15033938,0.24063
"U(0.0001,0.001), eps=1e-06",0.0001,0.001,1e-06,linear,18134725,0.2748
"U(0.0001,0.001), eps=1e-06",0.0001,0.001,1e-06,linear,21875059,0.303
"U(0.0001,0.001), eps=1e-06",0.0001,0.001,1e-06,linear,26386845,0.3313
"U(0.0001,0.001), eps=1e-06",0.0001,0.001,1e-06,linear,31829199,0.3615
"U(0.0001,0.001), eps=1e-06",0.0001,0.001,1e-06,linear,38394051,0.388
"U(0.0001,0.001), eps=1e-06",0.0001,0.001,1e-06,linear,46312922,0.42592
"U(0.0001,0.001), eps=1e-06",0.0001,0.001,1e-06,linear,55865079,0.46537
"U(0.0001,0.001), eps=1e-06",0.0001,0.001,1e-06,linear,67387393,0.50567
"U(0.0001,0.001), eps=1e-06",0.0001,0.001,1e-06,linear,81286214,0.54868
"U(0.0001,0.001), eps=1e-06",0.0001,0.001,1e-06,linear,98051701,0.59435
"U(0.0001,0.001), eps=1e-06",0.0001,0.001,1e-06,linear,118275113,0.6401
"U(0.0001,0.001), eps=1e-06",0.0001,0.001,1e-06,linear,142669654,0.68647
"U(0.0001,0.001), eps=1e-06",0.0001,0.001,1e-06,linear,172095631,0.73123
"U(0.0001,0.001), eps=1e-06",0.0001,0.001,1e-06,linear,207590791,0.76607
"U(0.0001,0.001), eps=1e-06",0.0001,0.001,1e-06,linear,250406917,0.80807
"U(0.0001,0.001), eps=1e-06",0.0001,0.001,1e-06,linear,302053977,0.84942
"U(0.0001,0.001), eps=1e-06",0.0001,0.001,1e-06,linear,364353374,0.88935
"U(0.0001,0.001), eps=1e-06",0.0001,0.001,1e-06,linear,439502180,0.91907
"U(0.0001,0.001), eps=1e-06",0.0001,0.001,1e-06,linear,530150616,0.94163
"U(0.0001,0.001), eps=1e-06",0.0001,0.001,1e-06,linear,639495523,0.96567
"U(0.0001,0.001), eps=1e-06",0.0001,0.001,1e-06,linear,771393092,0.97877
"U(0.0001,0.001), eps=1e-06",0.0001,0.001,1e-06,linear,930494870,0.98887
"U(0.0001,0.001), eps=1e-06",0.0001,0.001,1e-06,linear,1122411792,0.99387
"U(0.0001,0.001), eps=1e-06",0.0001,0.001,1e-06,linear,1353912064,0.99677
"U(0.0001,0.001), eps=1e-06",0.0001,0.001,1e-06,linear,1633159853,0.99855
"U(0.0001,0.001), eps=1e-06",0.0001,0.001,1e-06,linear,1970003206,0.9996
"U(0.0001,0.001), eps=1e-06",0.0001,0.001,1e-06,linear,2376321352,0.9999
"U(0.0001,0.001), eps=1e-06",0.0001,0.001,1e-06,linear,2866443644,0.99995
"U(0.0001,0.001), eps=1e-06",0.0001,0.001,1e-06,linear,3457654899,0.99997
"U(0.0001,0.001), eps=1e-06",0.0001,0.001,1e-06,linear,4170804972,0.99997
"U(0.0001,0.001), eps=1e-06",0.0001,0.001,1e-06,linear,5031044051,0.99997
"U(0.0001,0.001), eps=1e-06",0.0001,0.001,1e-06,linear,6068709618,0.99997
"U(0.0001,0.001), eps=1e-06",0.0001,0.001,1e-06,linear,7320396333,0.99997
"U(0.0001,0.001), eps=1e-06",0.0001,0.001,1e-06,linear,8830246601,0.99997
"U(0.0001,0.001), eps=1e-06",0.0001,0.001,1e-06,linear,10651507307,0.99997
"U(0.0001,0.001), eps=1e-06",0.0001,0.001,1e-06,linear,12848407643,0.99997
"U(0.0001,0.001), eps=1e-06",0.0001,0.001,1e-06,binary,8565605,0.1818
"U(0.0001,0.001), eps=1e-06",0.0001,0.001,1e-06,binary,10332282,0.20195
"U(0.0001,0.001), eps=1e-06",0.0001,0.001,1e-06,binary,12463342,0.22303
"U(0.0001,0.001), eps=1e-06",0.0001,0.001,1e-06,binary,15033938,0.24682
"U(0.0001,0.001), eps=1e-06",0.0001,0.001,1e-06,binary,18134725,0.27058
"U(0.0001,0.001), eps=1e-06",0.0001,0.001,1e-06,binary,21875059,0.29842
"U(0.0001,0.001), eps=1e-06",0.0001,0.001,1e-06,binary,26386845,0.33
"U(0.0001,0.001), eps=1e-06",0.0001,0.001,1e-06,binary,31829199,0.354
"U(0.0001,0.001), eps=1e-06",0.0001,0.001,1e-06,binary,38394051,0.3961
"U(0.0001,0.001), eps=1e-06",0.0001,0.001,1e-06,binary,46312922,0.43065
"U(0.0001,0.001), eps=1e-06",0.0001,0.001,1e-06,binary,55865079,0.46865
"U(0.0001,0.001), eps=1e-06",0.0001,0.001,1e-06,binary,67387393,0.5116
"U(0.0001,0.001), eps=1e-06",0.0001,0.001,1e-06,binary,81286214,0.55375
"U(0.0001,0.001), eps=1e-06",0.0001,0.001,1e-06,binary,98051701,0.59452
"U(0.0001,0.001), eps=1e-06",0.0001,0.001,1e-06,binary,118275113,0.6364
"U(0.0001,0.001), eps=1e-06",0.0001,0.001,1e-06,binary,142669654,0.67845
"U(0.0001,0.001), eps=1e-06",0.0001,0.001,1e-06,binary,172095631,0.71872
"U(0.0001,0.001), eps=1e-06",0.0001,0.001,1e-06,binary,207590791,0.7415
"U(0.0001,0.001), eps=1e-06",0.0001,0.001,1e-06,binary,250406917,0.79297
"U(0.0001,0.001), eps=1e-06",0.0001,0.001,1e-06,binary,302053977,0.83242
"U(0.0001,0.001), eps=1e-06",0.0001,0.001,1e-06,binary,364353374,0.86533
"U(0.0001,0.001), eps=1e-06",0.0001,0.001,1e-06,binary,439502180,0.8948
"U(0.0001,0.001), eps=1e-06",0.0001,0.001,1e-06,binary,530150616,0.91443
"U(0.0001,0.001), eps=1e-06",0.0001,0.001,1e-06,binary,639495523,0.9415
"U(0.0001,0.001), eps=1e-06",0.0001,0.001,1e-06,binary,771393092,0.95388
"U(0.0001,0.001), eps=1e-06",0.0001,0.001,1e-06,binary,930494870,0.96805
"U(0.0001,0.001), eps=1e-06",0.0001,0.001,1e-06,binary,1122411792,0.97608
"U(0.0001,0.001), eps=1e-06",0.0001,0.001,1e-06,binary,1353912064,0.98003
"U(0.0001,0.001), eps=1e-06",0.0001,0.001,1e-06,binary,1633159853,0.98495
"U(0.0001,0.001), eps=1e-06",0.0001,0.001,1e-06,binary,1970003206,0.9888
"U(0.0001,0.001), eps=1e-06",0.0001,0.001,1e-06,binary,2376321352,0.992
"U(0.0001,0.001), eps=1e-06",0.0001,0.001,1e-06,binary,2866443644,0.99125
"U(0.0001,0.001), eps=1e-06",0.0001,0.001,1e-06,binary,3457654899,0.9937
"U(0.0001,0.001), eps=1e-06",0.0001,0.001,1e-06,binary,4170804972,0.99392
"U(0.0001,0.001), eps=1e-06",0.0001,0.001,1e-06,binary,5031044051,0.99567
"U(0.0001,0.001), eps=1e-06",0.0001,0.001,1e-06,binary,6068709618,0.99618
"U(0.0001,0.001), eps=1e-06",0.0001,0.001,1e-06,binary,7320396333,0.99765
"U(0.0001,0.001), eps=1e-06",0.0001,0.001,1e-06,binary,8830246601,0.99767
"U(0.0001,0.001), eps=1e-06",0.0001,0.001,1e-06,binary,10651507307,0.99777
"U(0.0001,0.001), eps=1e-06",0.0001,0.001,1e-06,binary,12848407643,0.99803
"U(0.0001,0.001), eps=1e-06",0.0001,0.001,1e-06,reverse_eng,8565605,0.23997
"U(0.0001,0.001), eps=1e-06",0.0001,0.001,1e-06,reverse_eng,10332282,0.26672
"U(0.0001,0.001), eps=1e-06",0.0001,0.001,1e-06,reverse_eng,12463342,0.28582
"U(0.0001,0.001), eps=1e-06",0.0001,0.001,1e-06,reverse_eng,15033938,0.32188
"U(0.0001,0.001), eps=1e-06",0.0001,0.001,1e-06,reverse_eng,18134725,0.34847
"U(0.0001,0.001), eps=1e-06",0.0001,0.001,1e-06,reverse_eng,21875059,0.38215
"U(0.0001,0.001), eps=1e-06",0.0001,0.001,1e-06,reverse_eng,26386845,0.4139
"U(0.0001,0.001), eps=1e-06",0.0001,0.001,1e-06,reverse_eng,31829199,0.45737
"U(0.0001,0.001), eps=1e-06",0.0001,0.001,1e-06,reverse_eng,38394051,0.49375
"U(0.0001,0.001), eps=1e-06",0.0001,0.001,1e-06,reverse_eng,46312922,0.52348
"U(0.0001,0.001), eps=1e-06",0.0001,0.001,1e-06,reverse_eng,55865079,0.57495
"U(0.0001,0.001), eps=1e-06",0.0001,0.001,1e-06,reverse_eng,67387393,0.61613
"U(0.0001,0.001), eps=1e-06",0.0001,0.001,1e-06,reverse_eng,81286214,0.66055
"U(0.0001,0.001), eps=1e-06",0.0001,0.001,1e-06,reverse_eng,98051701,0.70475
"U(0.0001,0.001), eps=1e-06",0.0001,0.001,1e-06,reverse_eng,118275113,0.74577
"U(0.0001,0.001), eps=1e-06",0.0001,0.001,1e-06,reverse_eng,142669654,0.78538
"U(0.0001,0.001), eps=1e-06",0.0001,0.001,1e-06,reverse_eng,172095631,0.82193
"U(0.0001,0.001), eps=1e-06",0.0001,0.001,1e-06,reverse_eng,207590791,0.85477
"U(0.0001,0.001), eps=1e-06",0.0001,0.001,1e-06,reverse_eng,250406917,0.8879
"U(0.0001,0.001), eps=1e-06",0.0001,0.001,1e-06,reverse_eng,302053977,0.91573
"U(0.0001,0.001), eps=1e-06",0.0001,0.001,1e-06,reverse_eng,364353374,0.93483
"U(0.0001,0.001), eps=1e-06",0.0001,0.001,1e-06,reverse_eng,439502180,0.9547
"U(0.0001,0.001), eps=1e-06",0.0001,0.001,1e-06,reverse_eng,530150616,0.97095
"U(0.0001,0.001), eps=1e-06",0.0001,0.001,1e-06,reverse_eng,639495523,0.981
"U(0.0001,0.001), eps=1e-06",0.0001,0.001,1e-06,reverse_eng,771393092,0.98998
"U(0.0001,0.001), eps=1e-06",0.0001,0.001,1e-06,reverse_eng,930494870,0.99345
"U(0.0001,0.001), eps=1e-06",0.0001,0.001,1e-06,reverse_eng,1122411792,0.99713
"U(0.0001,0.001), eps=1e-06",0.0001,0.001,1e-06,reverse_eng,1353912064,0.99852
"U(0.0001,0.001), eps=1e-06",0.0001,0.001,1e-06,reverse_eng,1633159853,0.999
"U(0.0001,0.001), eps=1e-06",0.0001,0.001,1e-06,reverse_eng,1970003206,0.99955
"U(0.0001,0.001), eps=1e-06",0.0001,0.001,1e-06,reverse_eng,2376321352,0.99967
"U(0.0001,0.001), eps=1e-06",0.0001,0.001,1e-06,reverse_eng,2866443644,0.99967
"U(0.0001,0.001), eps=1e-06",0.0001,0.001,1e-06,reverse_eng,3457654899,0.99967
"U(0.0001,0.001), eps=1e-06",0.0001,0.001,1e-06,reverse_eng,4170804972,0.9997
"U(0.0001,0.001), eps=1e-06",0.0001,0.001,1e-06,reverse_eng,5031044051,0.9997
"U(0.0001,0.001), eps=1e-06",0.0001,0.001,1e-06,reverse_eng,6068709618,0.9997
"U(0.0001,0.001), eps=1e-06",0.0001,0.001,1e-06,reverse_eng,7320396333,0.9997
"U(0.0001,0.001), eps=1e-06",0.0001,0.001,1e-06,reverse_eng,8830246601,0.9997
"U(0.0001,0.001), eps=1e-06",0.0001,0.001,1e-06,reverse_eng,10651507307,0.9997
"U(0.0001,0.001), eps=1e-06",0.0001,0.001,1e-06,reverse_eng,12848407643,0.9997
"U(0.0001,0.001), eps=1e-06",0.0001,0.001,1e-06,binary_risk,8565605,0.23578
"U(0.0001,0.001), eps=1e-06",0.0001,0.001,1e-06,binary_risk,10332282,0.2566
"U(0.0001,0.001), eps=1e-06",0.0001,0.001,1e-06,binary_risk,12463342,0.26843
"U(0.0001,0.001), eps=1e-06",0.0001,0.001,1e-06,binary_risk,15033938,0.30433
"U(0.0001,0.001), eps=1e-06",0.0001,0.001,1e-06,binary_risk,18134725,0.32608
"U(0.0001,0.001), eps=1e-06",0.0001,0.001,1e-06,binary_risk,21875059,0.35735
"U(0.0001,0.001), eps=1e-06",0.0001,0.001,1e-06,binary_risk,26386845,0.39327
"U(0.0001,0.001), eps=1e-06",0.0001,0.001,1e-06,binary_risk,31829199,0.43102
"U(0.0001,0.001), eps=1e-06",0.0001,0.001,1e-06,binary_risk,38394051,0.46953
"U(0.0001,0.001), eps=1e-06",0.0001,0.001,1e-06,binary_risk,46312922,0.51058
"U(0.0001,0.001), eps=1e-06",0.0001,0.001,1e-06,binary_risk,55865079,0.55322
"U(0.0001,0.001), eps=1e-06",0.0001,0.001,1e-06,binary_risk,67387393,0.59035
"U(0.0001,0.001), eps=1e-06",0.0001,0.001,1e-06,binary_risk,81286214,0.63977
"U(0.0001,0.001), eps=1e-06",0.0001,0.001,1e-06,binary_risk,98051701,0.68305
"U(0.0001,0.001), eps=1e-06",0.0001,0.001,1e-06,binary_risk,118275113,0.72928
"U(0.0001,0.001), eps=1e-06",0.0001,0.001,1e-06,binary_risk,142669654,0.77297
"U(0.0001,0.001), eps=1e-06",0.0001,0.001,1e-06,binary_risk,172095631,0.8111
"U(0.0001,0.001), eps=1e-06",0.0001,0.001,1e-06,binary_risk,207590791,0.84928
"U(0.0001,0.001), eps=1e-06",0.0001,0.001,1e-06,binary_risk,250406917,0.88055
"U(0.0001,0.001), eps=1e-06",0.0001,0.001,1e-06,binary_risk,302053977,0.91097
"U(0.0001,0.001), eps=1e-06",0.0001,0.001,1e-06,binary_risk,364353374,0.92995
"U(0.0001,0.001), eps=1e-06",0.0001,0.001,1e-06,binary_risk,439502180,0.95052
"U(0.0001,0.001), eps=1e-06",0.0001,0.001,1e-06,binary_risk,530150616,0.9677
"U(0.0001,0.001), eps=1e-06",0.0001,0.001,1e-06,binary_risk,639495523,0.98172
"U(0.0001,0.001), eps=1e-06",0.0001,0.001,1e-06,binary_risk,771393092,0.98898
"U(0.0001,0.001), eps=1e-06",0.0001,0.001,1e-06,binary_risk,930494870,0.9934
"U(0.0001,0.001), eps=1e-06",0.0001,0.001,1e-06,binary_risk,1122411792,0.99635
"U(0.0001,0.001), eps=1e-06",0.0001,0.001,1e-06,binary_risk,1353912064,0.99885
"U(0.0001,0.001), eps=1e-06",0.0001,0.001,1e-06,binary_risk,1633159853,0.9981
"U(0.0001,0.001), eps=1e-06",0.0001,0.001,1e-06,binary_risk,1970003206,0.99887
"U(0.0001,0.001), eps=1e-06",0.0001,0.001,1e-06,binary_risk,2376321352,0.99945
"U(0.0001,0.001), eps=1e-06",0.0001,0.001,1e-06,binary_risk,2866443644,0.9995
"U(0.0001,0.001), eps=1e-06",0.0001,0.001,1e-06,binary_risk,3457654899,0.9998
"U(0.0001,0.001), eps=1e-06",0.0001,0.001,1e-06,binary_risk,4170804972,0.99992
"U(0.0001,0.001), eps=1e-06",0.0001,0.001,1e-06,binary_risk,5031044051,0.99997
"U(0.0001,0.001), eps=1e-06",0.0001,0.001,1e-06,binary_risk,6068709618,1.0
"U(0.0001,0.001), eps=1e-06",0.0001,0.001,1e-06,binary_risk,7320396333,1.0
"U(0.0001,0.001), eps=1e-06",0.0001,0.001,1e-06,binary_risk,8830246601,1.0
"U(0.0001,0.001), eps=1e-06",0.0001,0.001,1e-06,binary_risk,10651507307,1.0
"U(0.0001,0.001), eps=1e-06",0.0001,0.001,1e-06,binary_risk,12848407643,1.0
"U(0.0001,0.001), eps=1e-06",0.0001,0.001,1e-06,reverse_eng_risk,8565605,0.24565
"U(0.0001,0.001), eps=1e-06",0.0001,0.001,1e-06,reverse_eng_risk,10332282,0.27665
"U(0.0001,0.001), eps=1e-06",0.0001,0.001,1e-06,reverse_eng_risk,12463342,0.29705
"U(0.0001,0.001), eps=1e-06",0.0001,0.001,1e-06,reverse_eng_risk,15033938,0.32565
"U(0.0001,0.001), eps=1e-06",0.0001,0.001,1e-06,reverse_eng_risk,18134725,0.36192
"U(0.0001,0.001), eps=1e-06",0.0001,0.001,1e-06,reverse_eng_risk,21875059,0.39303
"U(0.0001,0.001), eps=1e-06",0.0001,0.001,1e-06,reverse_eng_risk,26386845,0.43345
"U(0.0001,0.001), eps=1e-06",0.0001,0.001,1e-06,reverse_eng_risk,31829199,0.4708
"U(0.0001,0.001), eps=1e-06",0.0001,0.001,1e-06,reverse_eng_risk,38394051,0.50877
"U(0.0001,0.001), eps=1e-06",0.0001,0.001,1e-06,reverse_eng_risk,46312922,0.54805
"U(0.0001,0.001), eps=1e-06",0.0001,0.001,1e-06,reverse_eng_risk,55865079,0.58945
"U(0.0001,0.001), eps=1e-06",0.0001,0.001,1e-06,reverse_eng_risk,67387393,0.63367
"U(0.0001,0.001), eps=1e-06",0.0001,0.001,1e-06,reverse_eng_risk,81286214,0.67548
"U(0.0001,0.001), eps=1e-06",0.0001,0.001,1e-06,reverse_eng_risk,98051701,0.71788
"U(0.0001,0.001), eps=1e-06",0.0001,0.001,1e-06,reverse_eng_risk,118275113,0.75877
"U(0.0001,0.001), eps=1e-06",0.0001,0.001,1e-06,reverse_eng_risk,142669654,0.79778
"U(0.0001,0.001), eps=1e-06",0.0001,0.001,1e-06,reverse_eng_risk,172095631,0.83485
"U(0.0001,0.001), eps=1e-06",0.0001,0.001,1e-06,reverse_eng_risk,207590791,0.86823
"U(0.0001,0.001), eps=1e-06",0.0001,0.001,1e-06,reverse_eng_risk,250406917,0.89905
"U(0.0001,0.001), eps=1e-06",0.0001,0.001,1e-06,reverse_eng_risk,302053977,0.92297
"U(0.0001,0.001), eps=1e-06",0.0001,0.001,1e-06,reverse_eng_risk,364353374,0.94525
"U(0.0001,0.001), eps=1e-06",0.0001,0.001,1e-06,reverse_eng_risk,439502180,0.96113
"U(0.0001,0.001), eps=1e-06",0.0001,0.001,1e-06,reverse_eng_risk,530150616,0.97362
"U(0.0001,0.001), eps=1e-06",0.0001,0.001,1e-06,reverse_eng_risk,639495523,0.98538
"U(0.0001,0.001), eps=1e-06",0.0001,0.001,1e-06,reverse_eng_risk,771393092,0.99165
"U(0.0001,0.001), eps=1e-06",0.0001,0.001,1e-06,reverse_eng_risk,930494870,0.99603
"U(0.0001,0.001), eps=1e-06",0.0001,0.001,1e-06,reverse_eng_risk,1122411792,0.9976
"U(0.0001,0.001), eps=1e-06",0.0001,0.001,1e-06,reverse_eng_risk,1353912064,0.99925
"U(0.0001,0.001), eps=1e-06",0.0001,0.001,1e-06,reverse_eng_risk,1633159853,0.99965
"U(0.0001,0.001), eps=1e-06",0.0001,0.001,1e-06,reverse_eng_risk,1970003206,0.99982
"U(0.0001,0.001), eps=1e-06",0.0001,0.001,1e-06,reverse_eng_risk,2376321352,0.99997
"U(0.0001,0.001), eps=1e-06",0.0001,0.001,1e-06,reverse_eng_risk,2866443644,0.99997
"U(0.0001,0.001), eps=1e-06",0.0001,0.001,1e-06,reverse_eng_risk,3457654899,1.0
"U(0.0001,0.001), eps=1e-06",0.0001,0.001,1e-06,reverse_eng_risk,4170804972,1.0
"U(0.0001,0.001), eps=1e-06",0.0001,0.001,1e-06,reverse_eng_risk,5031044051,1.0
"U(0.0001,0.001), eps=1e-06",0.0001,0.001,1e-06,reverse_eng_risk,6068709618,1.0
"U(0.0001,0.001), eps=1e-06",0.0001,0.001,1e-06,reverse_eng_risk,7320396333,1.0
"U(0.0001,0.001), eps=1e-06",0.0001,0.001,1e-06,reverse_eng_risk,8830246601,1.0
"U(0.0001,0.001), eps=1e-06",0.0001,0.001,1e-06,reverse_eng_risk,10651507307,1.0
"U(0.0001,0.001), eps=1e-06",0.0001,0.001,1e-06,reverse_eng_risk,12848407643,1.0
"U(1e-05,0.01), eps=1e-05",1e-05,0.01,1e-05,brute,856560,0.1818
"U(1e-05,0.01), eps=1e-05",1e-05,0.01,1e-05,brute,1033228,0.20092
"U(1e-05,0.01), eps=1e-05",1e-05,0.01,1e-05,brute,1246334,0.22
"U(1e-05,0.01), eps=1e-05",1e-05,0.01,1e-05,brute,1503393,0.24077
"U(1e-05,0.01), eps=1e-05",1e-05,0.01,1e-05,brute,1813472,0.26382
"U(1e-05,0.01), eps=1e-05",1e-05,0.01,1e-05,brute,2187505,0.28887
"U(1e-05,0.01), eps=1e-05",1e-05,0.01,1e-05,brute,2638684,0.31495
"U(1e-05,0.01), eps=1e-05",1e-05,0.01,1e-05,brute,3182919,0.34263
"U(1e-05,0.01), eps=1e-05",1e-05,0.01,1e-05,brute,3839405,0.37352
"U(1e-05,0.01), eps=1e-05",1e-05,0.01,1e-05,brute,4631292,0.4071
"U(1e-05,0.01), eps=1e-05",1e-05,0.01,1e-05,brute,5586507,0.44412
"U(1e-05,0.01), eps=1e-05",1e-05,0.01,1e-05,brute,6738739,0.48483
"U(1e-05,0.01), eps=1e-05",1e-05,0.01,1e-05,brute,8128621,0.52277
"U(1e-05,0.01), eps=1e-05",1e-05,0.01,1e-05,brute,9805170,0.56568
"U(1e-05,0.01), eps=1e-05",1e-05,0.01,1e-05,brute,11827511,0.6098
"U(1e-05,0.01), eps=1e-05",1e-05,0.01,1e-05,brute,14266965,0.65577
"U(1e-05,0.01), eps=1e-05",1e-05,0.01,1e-05,brute,17209563,0.70015
"U(1e-05,0.01), eps=1e-05",1e-05,0.01,1e-05,brute,20759079,0.74703
"U(1e-05,0.01), eps=1e-05",1e-05,0.01,1e-05,brute,25040691,0.79153
"U(1e-05,0.01), eps=1e-05",1e-05,0.01,1e-05,brute,30205397,0.8324
"U(1e-05,0.01), eps=1e-05",1e-05,0.01,1e-05,brute,36435337,0.8689
"U(1e-05,0.01), eps=1e-05",1e-05,0.01,1e-05,brute,43950218,0.9028
"U(1e-05,0.01), eps=1e-05",1e-05,0.01,1e-05,brute,53015061,0.93178
"U(1e-05,0.01), eps=1e-05",1e-05,0.01,1e-05,brute,63949552,0.95447
"U(1e-05,0.01), eps=1e-05",1e-05,0.01,1e-05,brute,77139309,0.97193
"U(1e-05,0.01), eps=1e-05",1e-05,0.01,1e-05,brute,93049487,0.9841
"U(1e-05,0.01), eps=1e-05",1e-05,0.01,1e-05,brute,112241179,0.99235
"U(1e-05,0.01), eps=1e-05",1e-05,0.01,1e-05,brute,135391206,0.99665
"U(1e-05,0.01), eps=1e-05",1e-05,0.01,1e-05,brute,163315985,0.9987
"U(1e-05,0.01), eps=1e-05",1e-05,0.01,1e-05,brute,197000320,0.99965
"U(1e-05,0.01), eps=1e-05",1e-05,0.01,1e-05,brute,237632135,0.99992
"U(1e-05,0.01), eps=1e-05",1e-05,0.01,1e-05,brute,286644364,1.0
"U(1e-05,0.01), eps=1e-05",1e-05,0.01,1e-05,brute,345765489,1.0
"U(1e-05,0.01), eps=1e-05",1e-05,0.01,1e-05,brute,417080497,1.0
"U(1e-05,0.01), eps=1e-05",1e-05,0.01,1e-05,brute,503104405,1.0
"U(1e-05,0.01), eps=1e-05",1e-05,0.01,1e-05,brute,606870961,1.0
"U(1e-05,0.01), eps=1e-05",1e-05,0.01,1e-05,brute,732039633,1.0
"U(1e-05,0.01), eps=1e-05",1e-05,0.01,1e-05,brute,883024660,1.0
"U(1e-05,0.01), eps=1e-05",1e-05,0.01,1e-05,brute,1065150730,1.0
"U(1e-05,0.01), eps=1e-05",1e-05,0.01,1e-05,brute,1284840764,1.0
"U(1e-05,0.01), eps=1e-05",1e-05,0.01,1e-05,separable,856560,0.0131
"U(1e-05,0.01), eps=1e-05",1e-05,0.01,1e-05,separable,1033228,0.01408
"U(1e-05,0.01), eps=1e-05",1e-05,0.01,1e-05,separable,1246334,0.01698
"U(1e-05,0.01), eps=1e-05",1e-05,0.01,1e-05,separable,1503393,0.0186
"U(1e-05,0.01), eps=1e-05",1e-05,0.01,1e-05,separable,1813472,0.02057
"U(1e-05,0.01), eps=1e-05",1e-05,0.01,1e-05,separable,2187505,0.02212
"U(1e-05,0.01), eps=1e-05",1e-05,0.01,1e-05,separable,2638684,0.02395
"U(1e-05,0.01), eps=1e-05",1e-05,0.01,1e-05,separable,3182919,0.02695
"U(1e-05,0.01), eps=1e-05",1e-05,0.01,1e-05,separable,3839405,0.0305
"U(1e-05,0.01), eps=1e-05",1e-05,0.01,1e-05,separable,4631292,0.03157
"U(1e-05,0.01), eps=1e-05",1e-05,0.01,1e-05,separable,5586507,0.03578
"U(1e-05,0.01), eps=1e-05",1e-05,0.01,1e-05,separable,6738739,0.0394
"U(1e-05,0.01), eps=1e-05",1e-05,0.01,1e-05,separable,8128621,0.04467
"U(1e-05,0.01), eps=1e-05",1e-05,0.01,1e-05,separable,9805170,0.04822
"U(1e-05,0.01), eps=1e-05",1e-05,0.01,1e-05,separable,11827511,0.05312
"U(1e-05,0.01), eps=1e-05",1e-05,0.01,1e-05,separable,14266965,0.05853
"U(1e-05,0.01), eps=1e-05",1e-05,0.01,1e-05,separable,17209563,0.06603
"U(1e-05,0.01), eps=1e-05",1e-05,0.01,1e-05,separable,20759079,0.0719
"U(1e-05,0.01), eps=1e-05",1e-05,0.01,1e-05,separable,25040691,0.07973
"U(1e-05,0.01), eps=1e-05",1e-05,0.01,1e-05,separable,30205397,0.08707
"U(1e-05,0.01), eps=1e-05",1e-05,0.01,1e-05,separable,36435337,0.09645
"U(1e-05,0.01), eps=1e-05",1e-05,0.01,1e-05,separable,43950218,0.10597
"U(1e-05,0.01), eps=1e-05",1e-05,0.01,1e-05,separable,53015061,0.11578
"U(1e-05,0.01), eps=1e-05",1e-05,0.01,1e-05,separable,63949552,0.12643
"U(1e-05,0.01), eps=1e-05",1e-05,0.01,1e-05,separable,77139309,0.13875
"U(1e-05,0.01), eps=1e-05",1e-05,0.01,1e-05,separable,93049487,0.1511
"U(1e-05,0.01), eps=1e-05",1e-05,0.01,1e-05,separable,112241179,0.16553
"U(1e-05,0.01), eps=1e-05",1e-05,0.01,1e-05,separable,135391206,0.18227
"U(1e-05,0.01), eps=1e-05",1e-05,0.01,1e-05,separable,163315985,0.20028
"U(1e-05,0.01), eps=1e-05",1e-05,0.01,1e-05,separable,197000320,0.21952
"U(1e-05,0.01), eps=1e-05",1e-05,0.01,1e-05,separable,237632135,0.24005
"U(1e-05,0.01), eps=1e-05",1e-05,0.01,1e-05,separable,286644364,0.26353
"U(1e-05,0.01), eps=1e-05",1e-05,0.01,1e-05,separable,345765489,0.28958
"U(1e-05,0.01), eps=1e-05",1e-05,0.01,1e-05,separable,417080497,0.3159
"U(1e-05,0.01), eps=1e-05",1e-05,0.01,1e-05,separable,503104405,0.34492
"U(1e-05,0.01), eps=1e-05",1e-05,0.01,1e-05,separable,606870961,0.37507
"U(1e-05,0.01), eps=1e-05",1e-05,0.01,1e-05,separable,732039633,0.4093
"U(1e-05,0.01), eps=1e-05",1e-05,0.01,1e-05,separable,883024660,0.44675
"U(1e-05,0.01), eps=1e-05",1e-05,0.01,1e-05,separable,1065150730,0.4862
"U(1e-05,0.01), eps=1e-05",1e-05,0.01,1e-05,separable,1284840764,0.52553
"U(1e-05,0.01), eps=1e-05",1e-05,0.01,1e-05,linear,856560,0.2069
"U(1e-05,0.01), eps=1e-05",1e-05,0.01,1e-05,linear,1033228,0.2253
"U(1e-05,0.01), eps=1e-05",1e-05,0.01,1e-05,linear,1246334,0.25165
"U(1e-05,0.01), eps=1e-05",1e-05,0.01,1e-05,linear,1503393,0.27182
"U(1e-05,0.01), eps=1e-05",1e-05,0.01,1e-05,linear,1813472,0.29605
"U(1e-05,0.01), eps=1e-05",1e-05,0.01,1e-05,linear,2187505,0.32345
"U(1e-05,0.01), eps=1e-05",1e-05,0.01,1e-05,linear,2638684,0.3568
"U(1e-05,0.01), eps=1e-05",1e-05,0.01,1e-05,linear,3182919,0.38975
"U(1e-05,0.01), eps=1e-05",1e-05,0.01,1e-05,linear,3839405,0.43317
"U(1e-05,0.01), eps=1e-05",1e-05,0.01,1e-05,linear,4631292,0.46927
"U(1e-05,0.01), eps=1e-05",1e-05,0.01,1e-05,linear,5586507,0.50813
"U(1e-05,0.01), eps=1e-05",1e-05,0.01,1e-05,linear,6738739,0.54832
"U(1e-05,0.01), eps=1e-05",1e-05,0.01,1e-05,linear,8128621,0.5881
"U(1e-05,0.01), eps=1e-05",1e-05,0.01,1e-05,linear,9805170,0.62685
"U(1e-05,0.01), eps=1e-05",1e-05,0.01,1e-05,linear,11827511,0.6882
"U(1e-05,0.01), eps=1e-05",1e-05,0.01,1e-05,linear,14266965,0.73247
"U(1e-05,0.01), eps=1e-05",1e-05,0.01,1e-05,linear,17209563,0.7705
"U(1e-05,0.01), eps=1e-05",1e-05,0.01,1e-05,linear,20759079,0.81473
"U(1e-05,0.01), eps=1e-05",1e-05,0.01,1e-05,linear,25040691,0.8509
"U(1e-05,0.01), eps=1e-05",1e-05,0.01,1e-05,linear,30205397,0.884
"U(1e-05,0.01), eps=1e-05",1e-05,0.01,1e-05,linear,36435337,0.9089
"U(1e-05,0.01), eps=1e-05",1e-05,0.01,1e-05,linear,43950218,0.92945
"U(1e-05,0.01), eps=1e-05",1e-05,0.01,1e-05,linear,53015061,0.95605
"U(1e-05,0.01), eps=1e-05",1e-05,0.01,1e-05,linear,63949552,0.96947
"U(1e-05,0.01), eps=1e-05",1e-05,0.01,1e-05,linear,77139309,0.98118
"U(1e-05,0.01), eps=1e-05",1e-05,0.01,1e-05,linear,93049487,0.99023
"U(1e-05,0.01), eps=1e-05",1e-05,0.01,1e-05,linear,112241179,0.9954
"U(1e-05,0.01), eps=1e-05",1e-05,0.01,1e-05,linear,135391206,0.997
"U(1e-05,0.01), eps=1e-05",1e-05,0.01,1e-05,linear,163315985,0.99795
"U(1e-05,0.01), eps=1e-05",1e-05,0.01,1e-05,linear,197000320,0.99908
"U(1e-05,0.01), eps=1e-05",1e-05,0.01,1e-05,linear,237632135,0.99918
"U(1e-05,0.01), eps=1e-05",1e-05,0.01,1e-05,linear,286644364,0.99923
"U(1e-05,0.01), eps=1e-05",1e-05,0.01,1e-05,linear,345765489,0.99923
"U(1e-05,0.01), eps=1e-05",1e-05,0.01,1e-05,linear,417080497,0.99923
"U(1e-05,0.01), eps=1e-05",1e-05,0.01,1e-05,linear,503104405,0.99923
"U(1e-05,0.01), eps=1e-05",1e-05,0.01,1e-05,linear,606870961,0.99923
"U(1e-05,0.01), eps=1e-05",1e-05,0.01,1e-05,linear,732039633,0.99923
"U(1e-05,0.01), eps=1e-05",1e-05,0.01,1e-05,linear,883024660,0.99923
"U(1e-05,0.01), eps=1e-05",1e-05,0.01,1e-05,linear,1065150730,0.99923
"U(1e-05,0.01), eps=1e-05",1e-05,0.01,1e-05,linear,1284840764,0.99923
"U(1e-05,0.01), eps=1e-05",1e-05,0.01,1e-05,binary,856560,0.00153
"U(1e-05,0.01), eps=1e-05",1e-05,0.01,1e-05,binary,1033228,0.00153
"U(1e-05,0.01), eps=1e-05",1e-05,0.01,1e-05,binary,1246334,0.00158
"U(1e-05,0.01), eps=1e-05",1e-05,0.01,1e-05,binary,1503393,0.0015
"U(1e-05,0.01), eps=1e-05",1e-05,0.01,1e-05,binary,1813472,0.00153
"U(1e-05,0.01), eps=1e-05",1e-05,0.01,1e-05,binary,2187505,0.0015
"U(1e-05,0.01), eps=1e-05",1e-05,0.01,1e-05,binary,2638684,0.0015
"U(1e-05,0.01), eps=1e-05",1e-05,0.01,1e-05,binary,3182919,0.00992
"U(1e-05,0.01), eps=1e-05",1e-05,0.01,1e-05,binary,3839405,0.13878
"U(1e-05,0.01), eps=1e-05",1e-05,0.01,1e-05,binary,4631292,0.20783
"U(1e-05,0.01), eps=1e-05",1e-05,0.01,1e-05,binary,5586507,0.2602
"U(1e-05,0.01), eps=1e-05",1e-05,0.01,1e-05,binary,6738739,0.31183
"U(1e-05,0.01), eps=1e-05",1e-05,0.01,1e-05,binary,8128621,0.36133
"U(1e-05,0.01), eps=1e-05",1e-05,0.01,1e-05,binary,9805170,0.40875
"U(1e-05,0.01), eps=1e-05",1e-05,0.01,1e-05,binary,11827511,0.4553
"U(1e-05,0.01), eps=1e-05",1e-05,0.01,1e-05,binary,14266965,0.50115
"U(1e-05,0.01), eps=1e-05",1e-05,0.01,1e-05,binary,17209563,0.55497
"U(1e-05,0.01), eps=1e-05",1e-05,0.01,1e-05,binary,20759079,0.59872
"U(1e-05,0.01), eps=1e-05",1e-05,0.01,1e-05,binary,25040691,0.64567
"U(1e-05,0.01), eps=1e-05",1e-05,0.01,1e-05,binary,30205397,0.68668
"U(1e-05,0.01), eps=1e-05",1e-05,0.01,1e-05,binary,36435337,0.72075
"U(1e-05,0.01), eps=1e-05",1e-05,0.01,1e-05,binary,43950218,0.76072
"U(1e-05,0.01), eps=1e-05",1e-05,0.01,1e-05,binary,53015061,0.79385
"U(1e-05,0.01), eps=1e-05",1e-05,0.01,1e-05,binary,63949552,0.83157
"U(1e-05,0.01), eps=1e-05",1e-05,0.01,1e-05,binary,77139309,0.85357
"U(1e-05,0.01), eps=1e-05",1e-05,0.01,1e-05,binary,93049487,0.87808
"U(1e-05,0.01), eps=1e-05",1e-05,0.01,1e-05,binary,112241179,0.9023
"U(1e-05,0.01), eps=1e-05",1e-05,0.01,1e-05,binary,135391206,0.91475
"U(1e-05,0.01), eps=1e-05",1e-05,0.01,1e-05,binary,163315985,0.9292
"U(1e-05,0.01), eps=1e-05",1e-05,0.01,1e-05,binary,197000320,0.9402
"U(1e-05,0.01), eps=1e-05",1e-05,0.01,1e-05,binary,237632135,0.94925
"U(1e-05,0.01), eps=1e-05",1e-05,0.01,1e-05,binary,286644364,0.9571
"U(1e-05,0.01), eps=1e-05",1e-05,0.01,1e-05,binary,345765489,0.96608
"U(1e-05,0.01), eps=1e-05",1e-05,0.01,1e-05,binary,417080497,0.96823
"U(1e-05,0.01), eps=1e-05",1e-05,0.01,1e-05,binary,503104405,0.97572
"U(1e-05,0.01), eps=1e-05",1e-05,0.01,1e-05,binary,606870961,0.98103
"U(1e-05,0.01), eps=1e-05",1e-05,0.01,1e-05,binary,732039633,0.98298
"U(1e-05,0.01), eps=1e-05",1e-05,0.01,1e-05,binary,883024660,0.9831
"U(1e-05,0.01), eps=1e-05",1e-05,0.01,1e-05,binary,1065150730,0.9868
"U(1e-05,0.01), eps=1e-05",1e-05,0.01,1e-05,binary,1284840764,0.98967
"U(1e-05,0.01), eps=1e-05",1e-05,0.01,1e-05,reverse_eng,856560,0.25943
"U(1e-05,0.01), eps=1e-05",1e-05,0.01,1e-05,reverse_eng,1033228,0.28675
"U(1e-05,0.01), eps=1e-05",1e-05,0.01,1e-05,reverse_eng,1246334,0.3106
"U(1e-05,0.01), eps=1e-05",1e-05,0.01,1e-05,reverse_eng,1503393,0.34168
"U(1e-05,0.01), eps=1e-05",1e-05,0.01,1e-05,reverse_eng,1813472,0.37705
"U(1e-05,0.01), eps=1e-05",1e-05,0.01,1e-05,reverse_eng,2187505,0.41035
"U(1e-05,0.01), eps=1e-05",1e-05,0.01,1e-05,reverse_eng,2638684,0.4427
"U(1e-05,0.01), eps=1e-05",1e-05,0.01,1e-05,reverse_eng,3182919,0.4757
"U(1e-05,0.01), eps=1e-05",1e-05,0.01,1e-05,reverse_eng,3839405,0.5154
"U(1e-05,0.01), eps=1e-05",1e-05,0.01,1e-05,reverse_eng,4631292,0.55168
"U(1e-05,0.01), eps=1e-05",1e-05,0.01,1e-05,reverse_eng,5586507,0.59098
"U(1e-05,0.01), eps=1e-05",1e-05,0.01,1e-05,reverse_eng,6738739,0.6308
"U(1e-05,0.01), eps=1e-05",1e-05,0.01,1e-05,reverse_eng,8128621,0.66958
"U(1e-05,0.01), eps=1e-05",1e-05,0.01,1e-05,reverse_eng,9805170,0.7099
"U(1e-05,0.01), eps=1e-05",1e-05,0.01,1e-05,reverse_eng,11827511,0.75103
"U(1e-05,0.01), eps=1e-05",1e-05,0.01,1e-05,reverse_eng,14266965,0.7864
"U(1e-05,0.01), eps=1e-05",1e-05,0.01,1e-05,reverse_eng,17209563,0.82122
"U(1e-05,0.01), eps=1e-05",1e-05,0.01,1e-05,reverse_eng,20759079,0.85377
"U(1e-05,0.01), eps=1e-05",1e-05,0.01,1e-05,reverse_eng,25040691,0.8842
"U(1e-05,0.01), eps=1e-05",1e-05,0.01,1e-05,reverse_eng,30205397,0.9096
"U(1e-05,0.01), eps=1e-05",1e-05,0.01,1e-05,reverse_eng,36435337,0.9299
"U(1e-05,0.01), eps=1e-05",1e-05,0.01,1e-05,reverse_eng,43950218,0.94865
"U(1e-05,0.01), eps=1e-05",1e-05,0.01,1e-05,reverse_eng,53015061,0.9654
"U(1e-05,0.01), eps=1e-05",1e-05,0.01,1e-05,reverse_eng,63949552,0.97635
"U(1e-05,0.01), eps=1e-05",1e-05,0.01,1e-05,reverse_eng,77139309,0.98513
"U(1e-05,0.01), eps=1e-05",1e-05,0.01,1e-05,reverse_eng,93049487,0.99023
"U(1e-05,0.01), eps=1e-05",1e-05,0.01,1e-05,reverse_eng,112241179,0.99415
"U(1e-05,0.01), eps=1e-05",1e-05,0.01,1e-05,reverse_eng,135391206,0.99623
"U(1e-05,0.01), eps=1e-05",1e-05,0.01,1e-05,reverse_eng,163315985,0.99713
"U(1e-05,0.01), eps=1e-05",1e-05,0.01,1e-05,reverse_eng,197000320,0.99785
"U(1e-05,0.01), eps=1e-05",1e-05,0.01,1e-05,reverse_eng,237632135,0.99803
"U(1e-05,0.01), eps=1e-05",1e-05,0.01,1e-05,reverse_eng,286644364,0.9981
"U(1e-05,0.01), eps=1e-05",1e-05,0.01,1e-05,reverse_eng,345765489,0.99813
"U(1e-05,0.01), eps=1e-05",1e-05,0.01,1e-05,reverse_eng,417080497,0.99813
"U(1e-05,0.01), eps=1e-05",1e-05,0.01,1e-05,reverse_eng,503104405,0.99813
"U(1e-05,0.01), eps=1e-05",1e-05,0.01,1e-05,reverse_eng,606870961,0.99813
"U(1e-05,0.01), eps=1e-05",1e-05,0.01,1e-05,reverse_eng,732039633,0.99813
"U(1e-05,0.01), eps=1e-05",1e-05,0.01,1e-05,reverse_eng,883024660,0.99813
"U(1e-05,0.01), eps=1e-05",1e-05,0.01,1e-05,reverse_eng,1065150730,0.99813
"U(1e-05,0.01), eps=1e-05",1e-05,0.01,1e-05,reverse_eng,1284840764,0.99813
"U(1e-05,0.01), eps=1e-05",1e-05,0.01,1e-05,binary_risk,856560,0.2799
"U(1e-05,0.01), eps=1e-05",1e-05,0.01,1e-05,binary_risk,1033228,0.30812
"U(1e-05,0.01), eps=1e-05",1e-05,0.01,1e-05,binary_risk,1246334,0.33685
"U(1e-05,0.01), eps=1e-05",1e-05,0.01,1e-05,binary_risk,1503393,0.36375
"U(1e-05,0.01), eps=1e-05",1e-05,0.01,1e-05,binary_risk,1813472,0.39658
"U(1e-05,0.01), eps=1e-05",1e-05,0.01,1e-05,binary_risk,2187505,0.43628
"U(1e-05,0.01), eps=1e-05",1e-05,0.01,1e-05,binary_risk,2638684,0.47155
"U(1e-05,0.01), eps=1e-05",1e-05,0.01,1e-05,binary_risk,3182919,0.50805
"U(1e-05,0.01), eps=1e-05",1e-05,0.01,1e-05,binary_risk,3839405,0.5431
"U(1e-05,0.01), eps=1e-05",1e-05,0.01,1e-05,binary_risk,4631292,0.58615
"U(1e-05,0.01), eps=1e-05",1e-05,0.01,1e-05,binary_risk,5586507,0.62355
"U(1e-05,0.01), eps=1e-05",1e-05,0.01,1e-05,binary_risk,6738739,0.66415
"U(1e-05,0.01), eps=1e-05",1e-05,0.01,1e-05,binary_risk,8128621,0.69575
"U(1e-05,0.01), eps=1e-05",1e-05,0.01,1e-05,binary_risk,9805170,0.74582
"U(1e-05,0.01), eps=1e-05",1e-05,0.01,1e-05,binary_risk,11827511,0.7826
"U(1e-05,0.01), eps=1e-05",1e-05,0.01,1e-05,binary_risk,14266965,0.81827
"U(1e-05,0.01), eps=1e-05",1e-05,0.01,1e-05,binary_risk,17209563,0.8476
"U(1e-05,0.01), eps=1e-05",1e-05,0.01,1e-05,binary_risk,20759079,0.87953
"U(1e-05,0.01), eps=1e-05",1e-05,0.01,1e-05,binary_risk,25040691,0.90617
"U(1e-05,0.01), eps=1e-05",1e-05,0.01,1e-05,binary_risk,30205397,0.9309
"U(1e-05,0.01), eps=1e-05",1e-05,0.01,1e-05,binary_risk,36435337,0.9503
"U(1e-05,0.01), eps=1e-05",1e-05,0.01,1e-05,binary_risk,43950218,0.9652
"U(1e-05,0.01), eps=1e-05",1e-05,0.01,1e-05,binary_risk,53015061,0.97745
"U(1e-05,0.01), eps=1e-05",1e-05,0.01,1e-05,binary_risk,63949552,0.9863
"U(1e-05,0.01), eps=1e-05",1e-05,0.01,1e-05,binary_risk,77139309,0.9927
"U(1e-05,0.01), eps=1e-05",1e-05,0.01,1e-05,binary_risk,93049487,0.99598
"U(1e-05,0.01), eps=1e-05",1e-05,0.01,1e-05,binary_risk,112241179,0.99797
"U(1e-05,0.01), eps=1e-05",1e-05,0.01,1e-05,binary_risk,135391206,0.99908
"U(1e-05,0.01), eps=1e-05",1e-05,0.01,1e-05,binary_risk,163315985,0.9998
"U(1e-05,0.01), eps=1e-05",1e-05,0.01,1e-05,binary_risk,197000320,0.9999
"U(1e-05,0.01), eps=1e-05",1e-05,0.01,1e-05,binary_risk,237632135,0.99997
"U(1e-05,0.01), eps=1e-05",1e-05,0.01,1e-05,binary_risk,286644364,0.9988
"U(1e-05,0.01), eps=1e-05",1e-05,0.01,1e-05,binary_risk,345765489,0.99972
"U(1e-05,0.01), eps=1e-05",1e-05,0.01,1e-05,binary_risk,417080497,0.99982
"U(1e-05,0.01), eps=1e-05",1e-05,0.01,1e-05,binary_risk,503104405,0.99997
"U(1e-05,0.01), eps=1e-05",1e-05,0.01,1e-05,binary_risk,606870961,1.0
"U(1e-05,0.01), eps=1e-05",1e-05,0.01,1e-05,binary_risk,732039633,1.0
"U(1e-05,0.01), eps=1e-05",1e-05,0.01,1e-05,binary_risk,883024660,1.0
"U(1e-05,0.01), eps=1e-05",1e-05,0.01,1e-05,binary_risk,1065150730,1.0
"U(1e-05,0.01), eps=1e-05",1e-05,0.01,1e-05,binary_risk,1284840764,1.0
"U(1e-05,0.01), eps=1e-05",1e-05,0.01,1e-05,reverse_eng_risk,856560,0.27345
"U(1e-05,0.01), eps=1e-05",1e-05,0.01,1e-05,reverse_eng_risk,1033228,0.29885
"U(1e-05,0.01), eps=1e-05",1e-05,0.01,1e-05,reverse_eng_risk,1246334,0.32953
"U(1e-05,0.01), eps=1e-05",1e-05,0.01,1e-05,reverse_eng_risk,1503393,0.3617
"U(1e-05,0.01), eps=1e-05",1e-05,0.01,1e-05,reverse_eng_risk,1813472,0.39415
"U(1e-05,0.01), eps=1e-05",1e-05,0.01,1e-05,reverse_eng_risk,2187505,0.4307
"U(1e-05,0.01), eps=1e-05",1e-05,0.01,1e-05,reverse_eng_risk,2638684,0.46535
"U(1e-05,0.01), eps=1e-05",1e-05,0.01,1e-05,reverse_eng_risk,3182919,0.50313
"U(1e-05,0.01), eps=1e-05",1e-05,0.01,1e-05,reverse_eng_risk,3839405,0.54345
"U(1e-05,0.01), eps=1e-05",1e-05,0.01,1e-05,reverse_eng_risk,4631292,0.58022
"U(1e-05,0.01), eps=1e-05",1e-05,0.01,1e-05,reverse_eng_risk,5586507,0.6222
"U(1e-05,0.01), eps=1e-05",1e-05,0.01,1e-05,reverse_eng_risk,6738739,0.65402
"U(1e-05,0.01), eps=1e-05",1e-05,0.01,1e-05,reverse_eng_risk,8128621,0.69495
"U(1e-05,0.01), eps=1e-05",1e-05,0.01,1e-05,reverse_eng_risk,9805170,0.74447
"U(1e-05,0.01), eps=1e-05",1e-05,0.01,1e-05,reverse_eng_risk,11827511,0.77653
"U(1e-05,0.01), eps=1e-05",1e-05,0.01,1e-05,reverse_eng_risk,14266965,0.8154
"U(1e-05,0.01), eps=1e-05",1e-05,0.01,1e-05,reverse_eng_risk,17209563,0.84708
"U(1e-05,0.01), eps=1e-05",1e-05,0.01,1e-05,reverse_eng_risk,20759079,0.8793
"U(1e-05,0.01), eps=1e-05",1e-05,0.01,1e-05,reverse_eng_risk,25040691,0.9055
"U(1e-05,0.01), eps=1e-05",1e-05,0.01,1e-05,reverse_eng_risk,30205397,0.93058
"U(1e-05,0.01), eps=1e-05",1e-05,0.01,1e-05,reverse_eng_risk,36435337,0.94952
"U(1e-05,0.01), eps=1e-05",1e-05,0.01,1e-05,reverse_eng_risk,43950218,0.96522
"U(1e-05,0.01), eps=1e-05",1e-05,0.01,1e-05,reverse_eng_risk,53015061,0.9772
"U(1e-05,0.01), eps=1e-05",1e-05,0.01,1e-05,reverse_eng_risk,63949552,0.98655
"U(1e-05,0.01), eps=1e-05",1e-05,0.01,1e-05,reverse_eng_risk,77139309,0.99272
"U(1e-05,0.01), eps=1e-05",1e-05,0.01,1e-05,reverse_eng_risk,93049487,0.99603
"U(1e-05,0.01), eps=1e-05",1e-05,0.01,1e-05,reverse_eng_risk,112241179,0.9978
"U(1e-05,0.01), eps=1e-05",1e-05,0.01,1e-05,reverse_eng_risk,135391206,0.999
"U(1e-05,0.01), eps=1e-05",1e-05,0.01,1e-05,reverse_eng_risk,163315985,0.99965
"U(1e-05,0.01), eps=1e-05",1e-05,0.01,1e-05,reverse_eng_risk,197000320,0.99982
"U(1e-05,0.01), eps=1e-05",1e-05,0.01,1e-05,reverse_eng_risk,237632135,0.99995
"U(1e-05,0.01), eps=1e-05",1e-05,0.01,1e-05,reverse_eng_risk,286644364,0.99997
"U(1e-05,0.01), eps=1e-05",1e-05,0.01,1e-05,reverse_eng_risk,345765489,1.0
"U(1e-05,0.01), eps=1e-05",1e-05,0.01,1e-05,reverse_eng_risk,417080497,1.0
"U(1e-05,0.01), eps=1e-05",1e-05,0.01,1e-05,reverse_eng_risk,503104405,1.0
"U(1e-05,0.01), eps=1e-05",1e-05,0.01,1e-05,reverse_eng_risk,606870961,1.0
"U(1e-05,0.01), eps=1e-05",1e-05,0.01,1e-05,reverse_eng_risk,732039633,1.0
"U(1e-05,0.01), eps=1e-05",1e-05,0.01,1e-05,reverse_eng_risk,883024660,1.0
"U(1e-05,0.01), eps=1e-05",1e-05,0.01,1e-05,reverse_eng_risk,1065150730,1.0
"U(1e-05,0.01), eps=1e-05",1e-05,0.01,1e-05,reverse_eng_risk,1284840764,1.0
"U(0.01,0.1), eps=1e-03",0.01,0.1,0.001,oracle_hl,896,0.27739
"U(0.01,0.1), eps=1e-03",0.01,0.1,0.001,oracle_hl,1081,0.30294
"U(0.01,0.1), eps=1e-03",0.01,0.1,0.001,oracle_hl,1304,0.33044
"U(0.01,0.1), eps=1e-03",0.01,0.1,0.001,oracle_hl,1573,0.35997
"U(0.01,0.1), eps=1e-03",0.01,0.1,0.001,oracle_hl,1898,0.39158
"U(0.01,0.1), eps=1e-03",0.01,0.1,0.001,oracle_hl,2289,0.42512
"U(0.01,0.1), eps=1e-03",0.01,0.1,0.001,oracle_hl,2761,0.4606
"U(0.01,0.1), eps=1e-03",0.01,0.1,0.001,oracle_hl,3331,0.49789
"U(0.01,0.1), eps=1e-03",0.01,0.1,0.001,oracle_hl,4018,0.53671
"U(0.01,0.1), eps=1e-03",0.01,0.1,0.001,oracle_hl,4847,0.57679
"U(0.01,0.1), eps=1e-03",0.01,0.1,0.001,oracle_hl,5847,0.61772
"U(0.01,0.1), eps=1e-03",0.01,0.1,0.001,oracle_hl,7053,0.65905
"U(0.01,0.1), eps=1e-03",0.01,0.1,0.001,oracle_hl,8507,0.7002
"U(0.01,0.1), eps=1e-03",0.01,0.1,0.001,oracle_hl,10262,0.74065
"U(0.01,0.1), eps=1e-03",0.01,0.1,0.001,oracle_hl,12379,0.77971
"U(0.01,0.1), eps=1e-03",0.01,0.1,0.001,oracle_hl,14932,0.81674
"U(0.01,0.1), eps=1e-03",0.01,0.1,0.001,oracle_hl,18012,0.85115
"U(0.01,0.1), eps=1e-03",0.01,0.1,0.001,oracle_hl,21727,0.88236
"U(0.01,0.1), eps=1e-03",0.01,0.1,0.001,oracle_hl,26209,0.90992
"U(0.01,0.1), eps=1e-03",0.01,0.1,0.001,oracle_hl,31614,0.9335
"U(0.01,0.1), eps=1e-03",0.01,0.1,0.001,oracle_hl,38135,0.95295
"U(0.01,0.1), eps=1e-03",0.01,0.1,0.001,oracle_hl,46001,0.96833
"U(0.01,0.1), eps=1e-03",0.01,0.1,0.001,oracle_hl,55489,0.97988
"U(0.01,0.1), eps=1e-03",0.01,0.1,0.001,oracle_hl,66933,0.98806
"U(0.01,0.1), eps=1e-03",0.01,0.1,0.001,oracle_hl,80739,0.99346
"U(0.01,0.1), eps=1e-03",0.01,0.1,0.001,oracle_hl,97391,0.99674
"U(0.01,0.1), eps=1e-03",0.01,0.1,0.001,oracle_hl,117479,0.99855
"U(0.01,0.1), eps=1e-03",0.01,0.1,0.001,oracle_hl,141709,0.99944
"U(0.01,0.1), eps=1e-03",0.01,0.1,0.001,oracle_hl,170937,0.99981
"U(0.01,0.1), eps=1e-03",0.01,0.1,0.001,oracle_hl,206193,0.99995
"U(0.01,0.1), eps=1e-03",0.01,0.1,0.001,oracle_hl,248721,0.99999
"U(0.01,0.1), eps=1e-03",0.01,0.1,0.001,oracle_hl,300021,1.0
"U(0.01,0.1), eps=1e-03",0.01,0.1,0.001,oracle_hl,361901,1.0
"U(0.01,0.1), eps=1e-03",0.01,0.1,0.001,oracle_hl,436544,1.0
"U(0.01,0.1), eps=1e-03",0.01,0.1,0.001,oracle_hl,526582,1.0
"U(0.01,0.1), eps=1e-03",0.01,0.1,0.001,oracle_hl,635191,1.0
"U(0.01,0.1), eps=1e-03",0.01,0.1,0.001,oracle_hl,766201,1.0
"U(0.01,0.1), eps=1e-03",0.01,0.1,0.001,oracle_hl,924232,1.0
"U(0.01,0.1), eps=1e-03",0.01,0.1,0.001,oracle_hl,1114857,1.0
"U(0.01,0.1), eps=1e-03",0.01,0.1,0.001,oracle_hl,1344800,1.0
"U(0.01,0.1), eps=1e-04",0.01,0.1,0.0001,oracle_hl,89653,0.27747
"U(0.01,0.1), eps=1e-04",0.01,0.1,0.0001,oracle_hl,108144,0.30299
"U(0.01,0.1), eps=1e-04",0.01,0.1,0.0001,oracle_hl,130449,0.3305
"U(0.01,0.1), eps=1e-04",0.01,0.1,0.0001,oracle_hl,157355,0.36003
"U(0.01,0.1), eps=1e-04",0.01,0.1,0.0001,oracle_hl,189810,0.39159
"U(0.01,0.1), eps=1e-04",0.01,0.1,0.0001,oracle_hl,228958,0.42516
"U(0.01,0.1), eps=1e-04",0.01,0.1,0.0001,oracle_hl,276182,0.46066
"U(0.01,0.1), eps=1e-04",0.01,0.1,0.0001,oracle_hl,333145,0.49792
"U(0.01,0.1), eps=1e-04",0.01,0.1,0.0001,oracle_hl,401857,0.53674
"U(0.01,0.1), eps=1e-04",0.01,0.1,0.0001,oracle_hl,484741,0.5768
"U(0.01,0.1), eps=1e-04",0.01,0.1,0.0001,oracle_hl,584721,0.61773
"U(0.01,0.1), eps=1e-04",0.01,0.1,0.0001,oracle_hl,705321,0.65905
"U(0.01,0.1), eps=1e-04",0.01,0.1,0.0001,oracle_hl,850795,0.70023
"U(0.01,0.1), eps=1e-04",0.01,0.1,0.0001,oracle_hl,1026274,0.74066
"U(0.01,0.1), eps=1e-04",0.01,0.1,0.0001,oracle_hl,1237946,0.77971
"U(0.01,0.1), eps=1e-04",0.01,0.1,0.0001,oracle_hl,1493275,0.81675
"U(0.01,0.1), eps=1e-04",0.01,0.1,0.0001,oracle_hl,1801267,0.85115
"U(0.01,0.1), eps=1e-04",0.01,0.1,0.0001,oracle_hl,2172783,0.88236
"U(0.01,0.1), eps=1e-04",0.01,0.1,0.0001,oracle_hl,2620925,0.90992
"U(0.01,0.1), eps=1e-04",0.01,0.1,0.0001,oracle_hl,3161498,0.9335
"U(0.01,0.1), eps=1e-04",0.01,0.1,0.0001,oracle_hl,3813565,0.95295
"U(0.01,0.1), eps=1e-04",0.01,0.1,0.0001,oracle_hl,4600122,0.96833
"U(0.01,0.1), eps=1e-04",0.01,0.1,0.0001,oracle_hl,5548909,0.97988
"U(0.01,0.1), eps=1e-04",0.01,0.1,0.0001,oracle_hl,6693386,0.98806
"U(0.01,0.1), eps=1e-04",0.01,0.1,0.0001,oracle_hl,8073914,0.99346
"U(0.01,0.1), eps=1e-04",0.01,0.1,0.0001,oracle_hl,9739179,0.99675
"U(0.01,0.1), eps=1e-04",0.01,0.1,0.0001,oracle_hl,11747910,0.99855
"U(0.01,0.1), eps=1e-04",0.01,0.1,0.0001,oracle_hl,14170946,0.99944
"U(0.01,0.1), eps=1e-04",0.01,0.1,0.0001,oracle_hl,17093739,0.99981
"U(0.01,0.1), eps=1e-04",0.01,0.1,0.0001,oracle_hl,20619366,0.99995
"U(0.01,0.1), eps=1e-04",0.01,0.1,0.0001,oracle_hl,24872163,0.99999
"U(0.01,0.1), eps=1e-04",0.01,0.1,0.0001,oracle_hl,30002110,1.0
"U(0.01,0.1), eps=1e-04",0.01,0.1,0.0001,oracle_hl,36190121,1.0
"U(0.01,0.1), eps=1e-04",0.01,0.1,0.0001,oracle_hl,43654425,1.0
"U(0.01,0.1), eps=1e-04",0.01,0.1,0.0001,oracle_hl,52658261,1.0
"U(0.01,0.1), eps=1e-04",0.01,0.1,0.0001,oracle_hl,63519160,1.0
"U(0.01,0.1), eps=1e-04",0.01,0.1,0.0001,oracle_hl,76620148,1.0
"U(0.01,0.1), eps=1e-04",0.01,0.1,0.0001,oracle_hl,92423247,1.0
"U(0.01,0.1), eps=1e-04",0.01,0.1,0.0001,oracle_hl,111485776,1.0
"U(0.01,0.1), eps=1e-04",0.01,0.1,0.0001,oracle_hl,134480000,1.0
"U(0.001,0.01), eps=1e-04",0.001,0.01,0.0001,oracle_hl,8565,0.27337
"U(0.001,0.01), eps=1e-04",0.001,0.01,0.0001,oracle_hl,10332,0.29858
"U(0.001,0.01), eps=1e-04",0.001,0.01,0.0001,oracle_hl,12463,0.32576
"U(0.001,0.01), eps=1e-04",0.001,0.01,0.0001,oracle_hl,15033,0.35496
"U(0.001,0.01), eps=1e-04",0.001,0.01,0.0001,oracle_hl,18134,0.38622
"U(0.001,0.01), eps=1e-04",0.001,0.01,0.0001,oracle_hl,21875,0.4195
"U(0.001,0.01), eps=1e-04",0.001,0.01,0.0001,oracle_hl,26386,0.45471
"U(0.001,0.01), eps=1e-04",0.001,0.01,0.0001,oracle_hl,31829,0.49175
"U(0.001,0.01), eps=1e-04",0.001,0.01,0.0001,oracle_hl,38394,0.53038
"U(0.001,0.01), eps=1e-04",0.001,0.01,0.0001,oracle_hl,46312,0.57033
"U(0.001,0.01), eps=1e-04",0.001,0.01,0.0001,oracle_hl,55865,0.61123
"U(0.001,0.01), eps=1e-04",0.001,0.01,0.0001,oracle_hl,67387,0.6526
"U(0.001,0.01), eps=1e-04",0.001,0.01,0.0001,oracle_hl,81286,0.69393
"U(0.001,0.01), eps=1e-04",0.001,0.01,0.0001,oracle_hl,98051,0.73462
"U(0.001,0.01), eps=1e-04",0.001,0.01,0.0001,oracle_hl,118275,0.77403
"U(0.001,0.01), eps=1e-04",0.001,0.01,0.0001,oracle_hl,142669,0.81151
"U(0.001,0.01), eps=1e-04",0.001,0.01,0.0001,oracle_hl,172095,0.84644
"U(0.001,0.01), eps=1e-04",0.001,0.01,0.0001,oracle_hl,207590,0.87823
"U(0.001,0.01), eps=1e-04",0.001,0.01,0.0001,oracle_hl,250406,0.90641
"U(0.001,0.01), eps=1e-04",0.001,0.01,0.0001,oracle_hl,302053,0.93062
"U(0.001,0.01), eps=1e-04",0.001,0.01,0.0001,oracle_hl,364353,0.95068
"U(0.001,0.01), eps=1e-04",0.001,0.01,0.0001,oracle_hl,439502,0.96662
"U(0.001,0.01), eps=1e-04",0.001,0.01,0.0001,oracle_hl,530150,0.97867
"U(0.001,0.01), eps=1e-04",0.001,0.01,0.0001,oracle_hl,639495,0.98726
"U(0.001,0.01), eps=1e-04",0.001,0.01,0.0001,oracle_hl,771393,0.99297
"U(0.001,0.01), eps=1e-04",0.001,0.01,0.0001,oracle_hl,930494,0.99647
"U(0.001,0.01), eps=1e-04",0.001,0.01,0.0001,oracle_hl,1122411,0.99841
"U(0.001,0.01), eps=1e-04",0.001,0.01,0.0001,oracle_hl,1353912,0.99937
"U(0.001,0.01), eps=1e-04",0.001,0.01,0.0001,oracle_hl,1633159,0.99979
"U(0.001,0.01), eps=1e-04",0.001,0.01,0.0001,oracle_hl,1970003,0.99994
"U(0.001,0.01), eps=1e-04",0.001,0.01,0.0001,oracle_hl,2376321,0.99999
"U(0.001,0.01), eps=1e-04",0.001,0.01,0.0001,oracle_hl,2866443,1.0
"U(0.001,0.01), eps=1e-04",0.001,0.01,0.0001,oracle_hl,3457654,1.0
"U(0.001,0.01), eps=1e-04",0.001,0.01,0.0001,oracle_hl,4170804,1.0
"U(0.001,0.01), eps=1e-04",0.001,0.01,0.0001,oracle_hl,5031044,1.0
"U(0.001,0.01), eps=1e-04",0.001,0.01,0.0001,oracle_hl,6068709,1.0
"U(0.001,0.01), eps=1e-04",0.001,0.01,0.0001,oracle_hl,7320396,1.0
"U(0.001,0.01), eps=1e-04",0.001,0.01,0.0001,oracle_hl,8830246,1.0
"U(0.001,0.01), eps=1e-04",0.001,0.01,0.0001,oracle_hl,10651507,1.0
"U(0.001,0.01), eps=1e-04",0.001,0.01,0.0001,oracle_hl,12848407,1.0
"U(0.001,0.1), eps=1e-04",0.001,0.1,0.0001,oracle_hl,89653,0.31727
"U(0.001,0.1), eps=1e-04",0.001,0.1,0.0001,oracle_hl,108144,0.34412
"U(0.001,0.1), eps=1e-04",0.001,0.1,0.0001,oracle_hl,130449,0.37263
"U(0.001,0.1), eps=1e-04",0.001,0.1,0.0001,oracle_hl,157355,0.40276
"U(0.001,0.1), eps=1e-04",0.001,0.1,0.0001,oracle_hl,189810,0.43449
"U(0.001,0.1), eps=1e-04",0.001,0.1,0.0001,oracle_hl,228958,0.46773
"U(0.001,0.1), eps=1e-04",0.001,0.1,0.0001,oracle_hl,276182,0.50238
"U(0.001,0.1), eps=1e-04",0.001,0.1,0.0001,oracle_hl,333145,0.53826
"U(0.001,0.1), eps=1e-04",0.001,0.1,0.0001,oracle_hl,401857,0.57517
"U(0.001,0.1), eps=1e-04",0.001,0.1,0.0001,oracle_hl,484741,0.61286
"U(0.001,0.1), eps=1e-04",0.001,0.1,0.0001,oracle_hl,584721,0.65099
"U(0.001,0.1), eps=1e-04",0.001,0.1,0.0001,oracle_hl,705321,0.68919
"U(0.001,0.1), eps=1e-04",0.001,0.1,0.0001,oracle_hl,850795,0.72703
"U(0.001,0.1), eps=1e-04",0.001,0.1,0.0001,oracle_hl,1026274,0.76402
"U(0.001,0.1), eps=1e-04",0.001,0.1,0.0001,oracle_hl,1237946,0.79965
"U(0.001,0.1), eps=1e-04",0.001,0.1,0.0001,oracle_hl,1493275,0.83338
"U(0.001,0.1), eps=1e-04",0.001,0.1,0.0001,oracle_hl,1801267,0.86467
"U(0.001,0.1), eps=1e-04",0.001,0.1,0.0001,oracle_hl,2172783,0.89305
"U(0.001,0.1), eps=1e-04",0.001,0.1,0.0001,oracle_hl,2620925,0.91811
"U(0.001,0.1), eps=1e-04",0.001,0.1,0.0001,oracle_hl,3161498,0.93955
"U(0.001,0.1), eps=1e-04",0.001,0.1,0.0001,oracle_hl,3813565,0.95723
"U(0.001,0.1), eps=1e-04",0.001,0.1,0.0001,oracle_hl,4600122,0.97121
"U(0.001,0.1), eps=1e-04",0.001,0.1,0.0001,oracle_hl,5548909,0.98171
"U(0.001,0.1), eps=1e-04",0.001,0.1,0.0001,oracle_hl,6693386,0.98915
"U(0.001,0.1), eps=1e-04",0.001,0.1,0.0001,oracle_hl,8073914,0.99406
"U(0.001,0.1), eps=1e-04",0.001,0.1,0.0001,oracle_hl,9739179,0.99704
"U(0.001,0.1), eps=1e-04",0.001,0.1,0.0001,oracle_hl,11747910,0.99868
"U(0.001,0.1), eps=1e-04",0.001,0.1,0.0001,oracle_hl,14170946,0.99949
"U(0.001,0.1), eps=1e-04",0.001,0.1,0.0001,oracle_hl,17093739,0.99983
"U(0.001,0.1), eps=1e-04",0.001,0.1,0.0001,oracle_hl,20619366,0.99995
"U(0.001,0.1), eps=1e-04",0.001,0.1,0.0001,oracle_hl,24872163,0.99999
"U(0.001,0.1), eps=1e-04",0.001,0.1,0.0001,oracle_hl,30002110,1.0
"U(0.001,0.1), eps=1e-04",0.001,0.1,0.0001,oracle_hl,36190121,1.0
"U(0.001,0.1), eps=1e-04",0.001,0.1,0.0001,oracle_hl,43654425,1.0
"U(0.001,0.1), eps=1e-04",0.001,0.1,0.0001,oracle_hl,52658261,1.0
"U(0.001,0.1), eps=1e-04",0.001,0.1,0.0001,oracle_hl,63519160,1.0
"U(0.001,0.1), eps=1e-04",0.001,0.1,0.0001,oracle_hl,76620148,1.0
"U(0.001,0.1), eps=1e-04",0.001,0.1,0.0001,oracle_hl,92423247,1.0
"U(0.001,0.1), eps=1e-04",0.001,0.1,0.0001,oracle_hl,111485776,1.0
"U(0.001,0.1), eps=1e-04",0.001,0.1,0.0001,oracle_hl,134480000,1.0
"U(0.01,0.1), eps=1e-05",0.01,0.1,1e-05,oracle_hl,8965333,0.27747
"U(0.01,0.1), eps=1e-05",0.01,0.1,1e-05,oracle_hl,10814456,0.30299
"U(0.01,0.1), eps=1e-05",0.01,0.1,1e-05,oracle_hl,13044964,0.3305
"U(0.01,0.1), eps=1e-05",0.01,0.1,1e-05,oracle_hl,15735521,0.36003
"U(0.01,0.1), eps=1e-05",0.01,0.1,1e-05,oracle_hl,18981013,0.39159
"U(0.01,0.1), eps=1e-05",0.01,0.1,1e-05,oracle_hl,22895895,0.42517
"U(0.01,0.1), eps=1e-05",0.01,0.1,1e-05,oracle_hl,27618231,0.46066
"U(0.01,0.1), eps=1e-05",0.01,0.1,1e-05,oracle_hl,33314561,0.49792
"U(0.01,0.1), eps=1e-05",0.01,0.1,1e-05,oracle_hl,40185774,0.53674
"U(0.01,0.1), eps=1e-05",0.01,0.1,1e-05,oracle_hl,48474191,0.5768
"U(0.01,0.1), eps=1e-05",0.01,0.1,1e-05,oracle_hl,58472116,0.61773
"U(0.01,0.1), eps=1e-05",0.01,0.1,1e-05,oracle_hl,70532138,0.65905
"U(0.01,0.1), eps=1e-05",0.01,0.1,1e-05,oracle_hl,85079570,0.70023
"U(0.01,0.1), eps=1e-05",0.01,0.1,1e-05,oracle_hl,102627447,0.74066
"U(0.01,0.1), eps=1e-05",0.01,0.1,1e-05,oracle_hl,123794618,0.77971
"U(0.01,0.1), eps=1e-05",0.01,0.1,1e-05,oracle_hl,149327571,0.81675
"U(0.01,0.1), eps=1e-05",0.01,0.1,1e-05,oracle_hl,180126761,0.85115
"U(0.01,0.1), eps=1e-05",0.01,0.1,1e-05,oracle_hl,217278361,0.88236
"U(0.01,0.1), eps=1e-05",0.01,0.1,1e-05,oracle_hl,262092573,0.90992
"U(0.01,0.1), eps=1e-05",0.01,0.1,1e-05,oracle_hl,316149829,0.9335
"U(0.01,0.1), eps=1e-05",0.01,0.1,1e-05,oracle_hl,381356532,0.95295
"U(0.01,0.1), eps=1e-05",0.01,0.1,1e-05,oracle_hl,460012281,0.96833
"U(0.01,0.1), eps=1e-05",0.01,0.1,1e-05,oracle_hl,554890978,0.97988
"U(0.01,0.1), eps=1e-05",0.01,0.1,1e-05,oracle_hl,669338647,0.98806
"U(0.01,0.1), eps=1e-05",0.01,0.1,1e-05,oracle_hl,807391437,0.99346
"U(0.01,0.1), eps=1e-05",0.01,0.1,1e-05,oracle_hl,973917964,0.99675
"U(0.01,0.1), eps=1e-05",0.01,0.1,1e-05,oracle_hl,1174791008,0.99855
"U(0.01,0.1), eps=1e-05",0.01,0.1,1e-05,oracle_hl,1417094627,0.99944
"U(0.01,0.1), eps=1e-05",0.01,0.1,1e-05,oracle_hl,1709373980,0.99981
"U(0.01,0.1), eps=1e-05",0.01,0.1,1e-05,oracle_hl,2061936689,0.99995
"U(0.01,0.1), eps=1e-05",0.01,0.1,1e-05,oracle_hl,2487216348,0.99999
"U(0.01,0.1), eps=1e-05",0.01,0.1,1e-05,oracle_hl,3000211014,1.0
"U(0.01,0.1), eps=1e-05",0.01,0.1,1e-05,oracle_hl,3619012128,1.0
"U(0.01,0.1), eps=1e-05",0.01,0.1,1e-05,oracle_hl,4365442537,1.0
"U(0.01,0.1), eps=1e-05",0.01,0.1,1e-05,oracle_hl,5265826107,1.0
"U(0.01,0.1), eps=1e-05",0.01,0.1,1e-05,oracle_hl,6351916067,1.0
"U(0.01,0.1), eps=1e-05",0.01,0.1,1e-05,oracle_hl,7662014829,1.0
"U(0.01,0.1), eps=1e-05",0.01,0.1,1e-05,oracle_hl,9242324776,1.0
"U(0.01,0.1), eps=1e-05",0.01,0.1,1e-05,oracle_hl,11148577648,1.0
"U(0.01,0.1), eps=1e-05",0.01,0.1,1e-05,oracle_hl,13447999999,1.0
"U(0.01,0.1), eps=1e-06",0.01,0.1,1e-06,oracle_hl,896533333,0.27747
"U(0.01,0.1), eps=1e-06",0.01,0.1,1e-06,oracle_hl,1081445601,0.30299
"U(0.01,0.1), eps=1e-06",0.01,0.1,1e-06,oracle_hl,1304496493,0.3305
"U(0.01,0.1), eps=1e-06",0.01,0.1,1e-06,oracle_hl,1573552196,0.36003
"U(0.01,0.1), eps=1e-06",0.01,0.1,1e-06,oracle_hl,1898101319,0.39159
"U(0.01,0.1), eps=1e-06",0.01,0.1,1e-06,oracle_hl,2289589519,0.42517
"U(0.01,0.1), eps=1e-06",0.01,0.1,1e-06,oracle_hl,2761823151,0.46066
"U(0.01,0.1), eps=1e-06",0.01,0.1,1e-06,oracle_hl,3331456165,0.49792
"U(0.01,0.1), eps=1e-06",0.01,0.1,1e-06,oracle_hl,4018577429,0.53674
"U(0.01,0.1), eps=1e-06",0.01,0.1,1e-06,oracle_hl,4847419193,0.5768
"U(0.01,0.1), eps=1e-06",0.01,0.1,1e-06,oracle_hl,5847211667,0.61773
"U(0.01,0.1), eps=1e-06",0.01,0.1,1e-06,oracle_hl,7053213870,0.65905
"U(0.01,0.1), eps=1e-06",0.01,0.1,1e-06,oracle_hl,8507957079,0.70023
"U(0.01,0.1), eps=1e-06",0.01,0.1,1e-06,oracle_hl,10262744755,0.74066
"U(0.01,0.1), eps=1e-06",0.01,0.1,1e-06,oracle_hl,12379461831,0.77971
"U(0.01,0.1), eps=1e-06",0.01,0.1,1e-06,oracle_hl,14932757159,0.81675
"U(0.01,0.1), eps=1e-06",0.01,0.1,1e-06,oracle_hl,18012676110,0.85115
"U(0.01,0.1), eps=1e-06",0.01,0.1,1e-06,oracle_hl,21727836139,0.88236
"U(0.01,0.1), eps=1e-06",0.01,0.1,1e-06,oracle_hl,26209257324,0.90992
"U(0.01,0.1), eps=1e-06",0.01,0.1,1e-06,oracle_hl,31614982969,0.9335
"U(0.01,0.1), eps=1e-06",0.01,0.1,1e-06,oracle_hl,38135653207,0.95295
"U(0.01,0.1), eps=1e-06",0.01,0.1,1e-06,oracle_hl,46001228182,0.96833
"U(0.01,0.1), eps=1e-06",0.01,0.1,1e-06,oracle_hl,55489097899,0.97988
"U(0.01,0.1), eps=1e-06",0.01,0.1,1e-06,oracle_hl,66933864754,0.98806
"U(0.01,0.1), eps=1e-06",0.01,0.1,1e-06,oracle_hl,80739143733,0.99346
"U(0.01,0.1), eps=1e-06",0.01,0.1,1e-06,oracle_hl,97391796436,0.99675
"U(0.01,0.1), eps=1e-06",0.01,0.1,1e-06,oracle_hl,117479100897,0.99855
"U(0.01,0.1), eps=1e-06",0.01,0.1,1e-06,oracle_hl,141709462734,0.99944
"U(0.01,0.1), eps=1e-06",0.01,0.1,1e-06,oracle_hl,170937398014,0.99981
"U(0.01,0.1), eps=1e-06",0.01,0.1,1e-06,oracle_hl,206193668906,0.99995
"U(0.01,0.1), eps=1e-06",0.01,0.1,1e-06,oracle_hl,248721634884,0.99999
"U(0.01,0.1), eps=1e-06",0.01,0.1,1e-06,oracle_hl,300021101460,1.0
"U(0.01,0.1), eps=1e-06",0.01,0.1,1e-06,oracle_hl,361901212829,1.0
"U(0.01,0.1), eps=1e-06",0.01,0.1,1e-06,oracle_hl,436544253753,1.0
"U(0.01,0.1), eps=1e-06",0.01,0.1,1e-06,oracle_hl,526582610750,1.0
"U(0.01,0.1), eps=1e-06",0.01,0.1,1e-06,oracle_hl,635191606717,1.0
"U(0.01,0.1), eps=1e-06",0.01,0.1,1e-06,oracle_hl,766201482932,1.0
"U(0.01,0.1), eps=1e-06",0.01,0.1,1e-06,oracle_hl,924232477633,1.0
"U(0.01,0.1), eps=1e-06",0.01,0.1,1e-06,oracle_hl,1114857764883,1.0
"U(0.01,0.1), eps=1e-06",0.01,0.1,1e-06,oracle_hl,1344800000000,1.0
"U(0.01,0.1), eps=1e-07",0.01,0.1,1e-07,oracle_hl,89653333333,0.27747
"U(0.01,0.1), eps=1e-07",0.01,0.1,1e-07,oracle_hl,108144560197,0.30299
"U(0.01,0.1), eps=1e-07",0.01,0.1,1e-07,oracle_hl,130449649394,0.3305
"U(0.01,0.1), eps=1e-07",0.01,0.1,1e-07,oracle_hl,157355219680,0.36003
"U(0.01,0.1), eps=1e-07",0.01,0.1,1e-07,oracle_hl,189810131921,0.39159
"U(0.01,0.1), eps=1e-07",0.01,0.1,1e-07,oracle_hl,228958951938,0.42517
"U(0.01,0.1), eps=1e-07",0.01,0.1,1e-07,oracle_hl,276182315148,0.46066
"U(0.01,0.1), eps=1e-07",0.01,0.1,1e-07,oracle_hl,333145616517,0.49792
"U(0.01,0.1), eps=1e-07",0.01,0.1,1e-07,oracle_hl,401857742938,0.53674
"U(0.01,0.1), eps=1e-07",0.01,0.1,1e-07,oracle_hl,484741919306,0.5768
"U(0.01,0.1), eps=1e-07",0.01,0.1,1e-07,oracle_hl,584721166785,0.61773
"U(0.01,0.1), eps=1e-07",0.01,0.1,1e-07,oracle_hl,705321387051,0.65905
"U(0.01,0.1), eps=1e-07",0.01,0.1,1e-07,oracle_hl,850795707922,0.70023
"U(0.01,0.1), eps=1e-07",0.01,0.1,1e-07,oracle_hl,1026274475590,0.74066
"U(0.01,0.1), eps=1e-07",0.01,0.1,1e-07,oracle_hl,1237946183132,0.77971
"U(0.01,0.1), eps=1e-07",0.01,0.1,1e-07,oracle_hl,1493275715983,0.81675
"U(0.01,0.1), eps=1e-07",0.01,0.1,1e-07,oracle_hl,1801267611087,0.85115
"U(0.01,0.1), eps=1e-07",0.01,0.1,1e-07,oracle_hl,2172783613919,0.88236
"U(0.01,0.1), eps=1e-07",0.01,0.1,1e-07,oracle_hl,2620925732443,0.90992
"U(0.01,0.1), eps=1e-07",0.01,0.1,1e-07,oracle_hl,3161498296921,0.9335
"U(0.01,0.1), eps=1e-07",0.01,0.1,1e-07,oracle_hl,3813565320723,0.95295
"U(0.01,0.1), eps=1e-07",0.01,0.1,1e-07,oracle_hl,4600122818216,0.96833
"U(0.01,0.1), eps=1e-07",0.01,0.1,1e-07,oracle_hl,5548909789924,0.97988
"U(0.01,0.1), eps=1e-07",0.01,0.1,1e-07,oracle_hl,6693386475420,0.98806
"U(0.01,0.1), eps=1e-07",0.01,0.1,1e-07,oracle_hl,8073914373357,0.99346
"U(0.01,0.1), eps=1e-07",0.01,0.1,1e-07,oracle_hl,9739179643621,0.99675
"U(0.01,0.1), eps=1e-07",0.01,0.1,1e-07,oracle_hl,11747910089773,0.99855
"U(0.01,0.1), eps=1e-07",0.01,0.1,1e-07,oracle_hl,14170946273467,0.99944
"U(0.01,0.1), eps=1e-07",0.01,0.1,1e-07,oracle_hl,17093739801456,0.99981
"U(0.01,0.1), eps=1e-07",0.01,0.1,1e-07,oracle_hl,20619366890621,0.99995
"U(0.01,0.1), eps=1e-07",0.01,0.1,1e-07,oracle_hl,24872163488402,0.99999
"U(0.01,0.1), eps=1e-07",0.01,0.1,1e-07,oracle_hl,30002110146029,1.0
"U(0.01,0.1), eps=1e-07",0.01,0.1,1e-07,oracle_hl,36190121282944,1.0
"U(0.01,0.1), eps=1e-07",0.01,0.1,1e-07,oracle_hl,43654425375394,1.0
"U(0.01,0.1), eps=1e-07",0.01,0.1,1e-07,oracle_hl,52658261075074,1.0
"U(0.01,0.1), eps=1e-07",0.01,0.1,1e-07,oracle_hl,63519160671706,1.0
"U(0.01,0.1), eps=1e-07",0.01,0.1,1e-07,oracle_hl,76620148293272,1.0
"U(0.01,0.1), eps=1e-07",0.01,0.1,1e-07,oracle_hl,92423247763380,1.0
"U(0.01,0.1), eps=1e-07",0.01,0.1,1e-07,oracle_hl,111485776488390,1.0
"U(0.01,0.1), eps=1e-07",0.01,0.1,1e-07,oracle_hl,134480000000000,1.0
"U(0.01,0.1), eps=1e-08",0.01,0.1,1e-08,oracle_hl,8965333333333,0.27747
"U(0.01,0.1), eps=1e-08",0.01,0.1,1e-08,oracle_hl,10814456019797,0.30299
"U(0.01,0.1), eps=1e-08",0.01,0.1,1e-08,oracle_hl,13044964939485,0.3305
"U(0.01,0.1), eps=1e-08",0.01,0.1,1e-08,oracle_hl,15735521968084,0.36003
"U(0.01,0.1), eps=1e-08",0.01,0.1,1e-08,oracle_hl,18981013192192,0.39159
"U(0.01,0.1), eps=1e-08",0.01,0.1,1e-08,oracle_hl,22895895193876,0.42517
"U(0.01,0.1), eps=1e-08",0.01,0.1,1e-08,oracle_hl,27618231514879,0.46066
"U(0.01,0.1), eps=1e-08",0.01,0.1,1e-08,oracle_hl,33314561651797,0.49792
"U(0.01,0.1), eps=1e-08",0.01,0.1,1e-08,oracle_hl,40185774293819,0.53674
"U(0.01,0.1), eps=1e-08",0.01,0.1,1e-08,oracle_hl,48474191930623,0.5768
"U(0.01,0.1), eps=1e-08",0.01,0.1,1e-08,oracle_hl,58472116678571,0.61773
"U(0.01,0.1), eps=1e-08",0.01,0.1,1e-08,oracle_hl,70532138705184,0.65905
"U(0.01,0.1), eps=1e-08",0.01,0.1,1e-08,oracle_hl,85079570792251,0.70023
"U(0.01,0.1), eps=1e-08",0.01,0.1,1e-08,oracle_hl,102627447559047,0.74066
"U(0.01,0.1), eps=1e-08",0.01,0.1,1e-08,oracle_hl,123794618313287,0.77971
"U(0.01,0.1), eps=1e-08",0.01,0.1,1e-08,oracle_hl,149327571598378,0.81675
"U(0.01,0.1), eps=1e-08",0.01,0.1,1e-08,oracle_hl,180126761108769,0.85115
"U(0.01,0.1), eps=1e-08",0.01,0.1,1e-08,oracle_hl,217278361391956,0.88236
"U(0.01,0.1), eps=1e-08",0.01,0.1,1e-08,oracle_hl,262092573244382,0.90992
"U(0.01,0.1), eps=1e-08",0.01,0.1,1e-08,oracle_hl,316149829692175,0.9335
"U(0.01,0.1), eps=1e-08",0.01,0.1,1e-08,oracle_hl,381356532072333,0.95295
"U(0.01,0.1), eps=1e-08",0.01,0.1,1e-08,oracle_hl,460012281821689,0.96833
"U(0.01,0.1), eps=1e-08",0.01,0.1,1e-08,oracle_hl,554890978992489,0.97988
"U(0.01,0.1), eps=1e-08",0.01,0.1,1e-08,oracle_hl,669338647542012,0.98806
"U(0.01,0.1), eps=1e-08",0.01,0.1,1e-08,oracle_hl,807391437335714,0.99346
"U(0.01,0.1), eps=1e-08",0.01,0.1,1e-08,oracle_hl,973917964362154,0.99675
"U(0.01,0.1), eps=1e-08",0.01,0.1,1e-08,oracle_hl,1174791008977376,0.99855
"U(0.01,0.1), eps=1e-08",0.01,0.1,1e-08,oracle_hl,1417094627346739,0.99944
"U(0.01,0.1), eps=1e-08",0.01,0.1,1e-08,oracle_hl,1709373980145668,0.99981
"U(0.01,0.1), eps=1e-08",0.01,0.1,1e-08,oracle_hl,2061936689062103,0.99995
"U(0.01,0.1), eps=1e-08",0.01,0.1,1e-08,oracle_hl,2487216348840222,0.99999
"U(0.01,0.1), eps=1e-08",0.01,0.1,1e-08,oracle_hl,3000211014602975,1.0
"U(0.01,0.1), eps=1e-08",0.01,0.1,1e-08,oracle_hl,3619012128294440,1.0
"U(0.01,0.1), eps=1e-08",0.01,0.1,1e-08,oracle_hl,4365442537539460,1.0
"U(0.01,0.1), eps=1e-08",0.01,0.1,1e-08,oracle_hl,5265826107507471,1.0
"U(0.01,0.1), eps=1e-08",0.01,0.1,1e-08,oracle_hl,6351916067170663,1.0
"U(0.01,0.1), eps=1e-08",0.01,0.1,1e-08,oracle_hl,7662014829327249,1.0
"U(0.01,0.1), eps=1e-08",0.01,0.1,1e-08,oracle_hl,9242324776338010,1.0
"U(0.01,0.1), eps=1e-08",0.01,0.1,1e-08,oracle_hl,11148577648839002,1.0
"U(0.01,0.1), eps=1e-08",0.01,0.1,1e-08,oracle_hl,13447999999999998,1.0
"U(0.001,0.01), eps=1e-03",0.001,0.01,0.001,oracle_hl,85,0.13499
"U(0.001,0.01), eps=1e-03",0.001,0.01,0.001,oracle_hl,103,0.16321
"U(0.001,0.01), eps=1e-03",0.001,0.01,0.001,oracle_hl,124,0.19587
"U(0.001,0.01), eps=1e-03",0.001,0.01,0.001,oracle_hl,150,0.23582
"U(0.001,0.01), eps=1e-03",0.001,0.01,0.001,oracle_hl,181,0.28118
"U(0.001,0.01), eps=1e-03",0.001,0.01,0.001,oracle_hl,218,0.32893
"U(0.001,0.01), eps=1e-03",0.001,0.01,0.001,oracle_hl,263,0.37952
"U(0.001,0.01), eps=1e-03",0.001,0.01,0.001,oracle_hl,318,0.43263
"U(0.001,0.01), eps=1e-03",0.001,0.01,0.001,oracle_hl,383,0.48572
"U(0.001,0.01), eps=1e-03",0.001,0.01,0.001,oracle_hl,463,0.53991
"U(0.001,0.01), eps=1e-03",0.001,0.01,0.001,oracle_hl,558,0.59211
"U(0.001,0.01), eps=1e-03",0.001,0.01,0.001,oracle_hl,673,0.64226
"U(0.001,0.01), eps=1e-03",0.001,0.01,0.001,oracle_hl,812,0.68939
"U(0.001,0.01), eps=1e-03",0.001,0.01,0.001,oracle_hl,980,0.73319
"U(0.001,0.01), eps=1e-03",0.001,0.01,0.001,oracle_hl,1182,0.77367
"U(0.001,0.01), eps=1e-03",0.001,0.01,0.001,oracle_hl,1426,0.81141
"U(0.001,0.01), eps=1e-03",0.001,0.01,0.001,oracle_hl,1720,0.84634
"U(0.001,0.01), eps=1e-03",0.001,0.01,0.001,oracle_hl,2075,0.87816
"U(0.001,0.01), eps=1e-03",0.001,0.01,0.001,oracle_hl,2504,0.9064
"U(0.001,0.01), eps=1e-03",0.001,0.01,0.001,oracle_hl,3020,0.9306
"U(0.001,0.01), eps=1e-03",0.001,0.01,0.001,oracle_hl,3643,0.95067
"U(0.001,0.01), eps=1e-03",0.001,0.01,0.001,oracle_hl,4395,0.96662
"U(0.001,0.01), eps=1e-03",0.001,0.01,0.001,oracle_hl,5301,0.97866
"U(0.001,0.01), eps=1e-03",0.001,0.01,0.001,oracle_hl,6394,0.98725
"U(0.001,0.01), eps=1e-03",0.001,0.01,0.001,oracle_hl,7713,0.99296
"U(0.001,0.01), eps=1e-03",0.001,0.01,0.001,oracle_hl,9304,0.99647
"U(0.001,0.01), eps=1e-03",0.001,0.01,0.001,oracle_hl,11224,0.99841
"U(0.001,0.01), eps=1e-03",0.001,0.01,0.001,oracle_hl,13539,0.99937
"U(0.001,0.01), eps=1e-03",0.001,0.01,0.001,oracle_hl,16331,0.99979
"U(0.001,0.01), eps=1e-03",0.001,0.01,0.001,oracle_hl,19700,0.99994
"U(0.001,0.01), eps=1e-03",0.001,0.01,0.001,oracle_hl,23763,0.99999
"U(0.001,0.01), eps=1e-03",0.001,0.01,0.001,oracle_hl,28664,1.0
"U(0.001,0.01), eps=1e-03",0.001,0.01,0.001,oracle_hl,34576,1.0
"U(0.001,0.01), eps=1e-03",0.001,0.01,0.001,oracle_hl,41708,1.0
"U(0.001,0.01), eps=1e-03",0.001,0.01,0.001,oracle_hl,50310,1.0
"U(0.001,0.01), eps=1e-03",0.001,0.01,0.001,oracle_hl,60687,1.0
"U(0.001,0.01), eps=1e-03",0.001,0.01,0.001,oracle_hl,73203,1.0
"U(0.001,0.01), eps=1e-03",0.001,0.01,0.001,oracle_hl,88302,1.0
"U(0.001,0.01), eps=1e-03",0.001,0.01,0.001,oracle_hl,106515,1.0
"U(0.001,0.01), eps=1e-03",0.001,0.01,0.001,oracle_hl,128484,1.0
"U(0.001,0.01), eps=1e-05",0.001,0.01,1e-05,oracle_hl,856560,0.27337
"U(0.001,0.01), eps=1e-05",0.001,0.01,1e-05,oracle_hl,1033228,0.29858
"U(0.001,0.01), eps=1e-05",0.001,0.01,1e-05,oracle_hl,1246334,0.32577
"U(0.001,0.01), eps=1e-05",0.001,0.01,1e-05,oracle_hl,1503393,0.35497
"U(0.001,0.01), eps=1e-05",0.001,0.01,1e-05,oracle_hl,1813472,0.38623
"U(0.001,0.01), eps=1e-05",0.001,0.01,1e-05,oracle_hl,2187505,0.4195
"U(0.001,0.01), eps=1e-05",0.001,0.01,1e-05,oracle_hl,2638684,0.45472
"U(0.001,0.01), eps=1e-05",0.001,0.01,1e-05,oracle_hl,3182919,0.49175
"U(0.001,0.01), eps=1e-05",0.001,0.01,1e-05,oracle_hl,3839405,0.53038
"U(0.001,0.01), eps=1e-05",0.001,0.01,1e-05,oracle_hl,4631292,0.57033
"U(0.001,0.01), eps=1e-05",0.001,0.01,1e-05,oracle_hl,5586507,0.61123
"U(0.001,0.01), eps=1e-05",0.001,0.01,1e-05,oracle_hl,6738739,0.6526
"U(0.001,0.01), eps=1e-05",0.001,0.01,1e-05,oracle_hl,8128621,0.69393
"U(0.001,0.01), eps=1e-05",0.001,0.01,1e-05,oracle_hl,9805170,0.73462
"U(0.001,0.01), eps=1e-05",0.001,0.01,1e-05,oracle_hl,11827511,0.77403
"U(0.001,0.01), eps=1e-05",0.001,0.01,1e-05,oracle_hl,14266965,0.81151
"U(0.001,0.01), eps=1e-05",0.001,0.01,1e-05,oracle_hl,17209563,0.84644
"U(0.001,0.01), eps=1e-05",0.001,0.01,1e-05,oracle_hl,20759079,0.87823
"U(0.001,0.01), eps=1e-05",0.001,0.01,1e-05,oracle_hl,25040691,0.90641
"U(0.001,0.01), eps=1e-05",0.001,0.01,1e-05,oracle_hl,30205397,0.93062
"U(0.001,0.01), eps=1e-05",0.001,0.01,1e-05,oracle_hl,36435337,0.95068
"U(0.001,0.01), eps=1e-05",0.001,0.01,1e-05,oracle_hl,43950218,0.96662
"U(0.001,0.01), eps=1e-05",0.001,0.01,1e-05,oracle_hl,53015061,0.97867
"U(0.001,0.01), eps=1e-05",0.001,0.01,1e-05,oracle_hl,63949552,0.98726
"U(0.001,0.01), eps=1e-05",0.001,0.01,1e-05,oracle_hl,77139309,0.99297
"U(0.001,0.01), eps=1e-05",0.001,0.01,1e-05,oracle_hl,93049487,0.99647
"U(0.001,0.01), eps=1e-05",0.001,0.01,1e-05,oracle_hl,112241179,0.99841
"U(0.001,0.01), eps=1e-05",0.001,0.01,1e-05,oracle_hl,135391206,0.99937
"U(0.001,0.01), eps=1e-05",0.001,0.01,1e-05,oracle_hl,163315985,0.99979
"U(0.001,0.01), eps=1e-05",0.001,0.01,1e-05,oracle_hl,197000320,0.99994
"U(0.001,0.01), eps=1e-05",0.001,0.01,1e-05,oracle_hl,237632135,0.99999
"U(0.001,0.01), eps=1e-05",0.001,0.01,1e-05,oracle_hl,286644364,1.0
"U(0.001,0.01), eps=1e-05",0.001,0.01,1e-05,oracle_hl,345765489,1.0
"U(0.001,0.01), eps=1e-05",0.001,0.01,1e-05,oracle_hl,417080497,1.0
"U(0.001,0.01), eps=1e-05",0.001,0.01,1e-05,oracle_hl,503104405,1.0
"U(0.001,0.01), eps=1e-05",0.001,0.01,1e-05,oracle_hl,606870961,1.0
"U(0.001,0.01), eps=1e-05",0.001,0.01,1e-05,oracle_hl,732039633,1.0
"U(0.001,0.01), eps=1e-05",0.001,0.01,1e-05,oracle_hl,883024660,1.0
"U(0.001,0.01), eps=1e-05",0.001,0.01,1e-05,oracle_hl,1065150730,1.0
"U(0.001,0.01), eps=1e-05",0.001,0.01,1e-05,oracle_hl,1284840764,1.0
"U(0.001,0.01), eps=1e-06",0.001,0.01,1e-06,oracle_hl,85656050,0.27337
"U(0.001,0.01), eps=1e-06",0.001,0.01,1e-06,oracle_hl,103322828,0.29858
"U(0.001,0.01), eps=1e-06",0.001,0.01,1e-06,oracle_hl,124633422,0.32577
"U(0.001,0.01), eps=1e-06",0.001,0.01,1e-06,oracle_hl,150339381,0.35497
"U(0.001,0.01), eps=1e-06",0.001,0.01,1e-06,oracle_hl,181347259,0.38623
"U(0.001,0.01), eps=1e-06",0.001,0.01,1e-06,oracle_hl,218750591,0.4195
"U(0.001,0.01), eps=1e-06",0.001,0.01,1e-06,oracle_hl,263868453,0.45472
"U(0.001,0.01), eps=1e-06",0.001,0.01,1e-06,oracle_hl,318291990,0.49175
"U(0.001,0.01), eps=1e-06",0.001,0.01,1e-06,oracle_hl,383940518,0.53038
"U(0.001,0.01), eps=1e-06",0.001,0.01,1e-06,oracle_hl,463129222,0.57033
"U(0.001,0.01), eps=1e-06",0.001,0.01,1e-06,oracle_hl,558650796,0.61123
"U(0.001,0.01), eps=1e-06",0.001,0.01,1e-06,oracle_hl,673873936,0.6526
"U(0.001,0.01), eps=1e-06",0.001,0.01,1e-06,oracle_hl,812862141,0.69393
"U(0.001,0.01), eps=1e-06",0.001,0.01,1e-06,oracle_hl,980517014,0.73462
"U(0.001,0.01), eps=1e-06",0.001,0.01,1e-06,oracle_hl,1182751130,0.77403
"U(0.001,0.01), eps=1e-06",0.001,0.01,1e-06,oracle_hl,1426696543,0.81151
"U(0.001,0.01), eps=1e-06",0.001,0.01,1e-06,oracle_hl,1720956316,0.84644
"U(0.001,0.01), eps=1e-06",0.001,0.01,1e-06,oracle_hl,2075907911,0.87823
"U(0.001,0.01), eps=1e-06",0.001,0.01,1e-06,oracle_hl,2504069171,0.90641
"U(0.001,0.01), eps=1e-06",0.001,0.01,1e-06,oracle_hl,3020539774,0.93062
"U(0.001,0.01), eps=1e-06",0.001,0.01,1e-06,oracle_hl,3643533745,0.95068
"U(0.001,0.01), eps=1e-06",0.001,0.01,1e-06,oracle_hl,4395021800,0.96662
"U(0.001,0.01), eps=1e-06",0.001,0.01,1e-06,oracle_hl,5301506168,0.97867
"U(0.001,0.01), eps=1e-06",0.001,0.01,1e-06,oracle_hl,6394955231,0.98726
"U(0.001,0.01), eps=1e-06",0.001,0.01,1e-06,oracle_hl,7713930929,0.99297
"U(0.001,0.01), eps=1e-06",0.001,0.01,1e-06,oracle_hl,9304948704,0.99647
"U(0.001,0.01), eps=1e-06",0.001,0.01,1e-06,oracle_hl,11224117920,0.99841
"U(0.001,0.01), eps=1e-06",0.001,0.01,1e-06,oracle_hl,13539120643,0.99937
"U(0.001,0.01), eps=1e-06",0.001,0.01,1e-06,oracle_hl,16331598536,0.99979
"U(0.001,0.01), eps=1e-06",0.001,0.01,1e-06,oracle_hl,19700032061,0.99994
"U(0.001,0.01), eps=1e-06",0.001,0.01,1e-06,oracle_hl,23763213523,0.99999
"U(0.001,0.01), eps=1e-06",0.001,0.01,1e-06,oracle_hl,28664436445,1.0
"U(0.001,0.01), eps=1e-06",0.001,0.01,1e-06,oracle_hl,34576548996,1.0
"U(0.001,0.01), eps=1e-06",0.001,0.01,1e-06,oracle_hl,41708049721,1.0
"U(0.001,0.01), eps=1e-06",0.001,0.01,1e-06,oracle_hl,50310440517,1.0
"U(0.001,0.01), eps=1e-06",0.001,0.01,1e-06,oracle_hl,60687096183,1.0
"U(0.001,0.01), eps=1e-06",0.001,0.01,1e-06,oracle_hl,73203963337,1.0
"U(0.001,0.01), eps=1e-06",0.001,0.01,1e-06,oracle_hl,88302466015,1.0
"U(0.001,0.01), eps=1e-06",0.001,0.01,1e-06,oracle_hl,106515073078,1.0
"U(0.001,0.01), eps=1e-06",0.001,0.01,1e-06,oracle_hl,128484076433,1.0
"U(0.001,0.01), eps=1e-07",0.001,0.01,1e-07,oracle_hl,8565605095,0.27337
"U(0.001,0.01), eps=1e-07",0.001,0.01,1e-07,oracle_hl,10332282821,0.29858
"U(0.001,0.01), eps=1e-07",0.001,0.01,1e-07,oracle_hl,12463342298,0.32577
"U(0.001,0.01), eps=1e-07",0.001,0.01,1e-07,oracle_hl,15033938186,0.35497
"U(0.001,0.01), eps=1e-07",0.001,0.01,1e-07,oracle_hl,18134725979,0.38623
"U(0.001,0.01), eps=1e-07",0.001,0.01,1e-07,oracle_hl,21875059102,0.4195
"U(0.001,0.01), eps=1e-07",0.001,0.01,1e-07,oracle_hl,26386845396,0.45472
"U(0.001,0.01), eps=1e-07",0.001,0.01,1e-07,oracle_hl,31829199030,0.49175
"U(0.001,0.01), eps=1e-07",0.001,0.01,1e-07,oracle_hl,38394051873,0.53038
"U(0.001,0.01), eps=1e-07",0.001,0.01,1e-07,oracle_hl,46312922226,0.57033
"U(0.001,0.01), eps=1e-07",0.001,0.01,1e-07,oracle_hl,55865079629,0.61123
"U(0.001,0.01), eps=1e-07",0.001,0.01,1e-07,oracle_hl,67387393667,0.6526
"U(0.001,0.01), eps=1e-07",0.001,0.01,1e-07,oracle_hl,81286214132,0.69393
"U(0.001,0.01), eps=1e-07",0.001,0.01,1e-07,oracle_hl,98051701489,0.73462
"U(0.001,0.01), eps=1e-07",0.001,0.01,1e-07,oracle_hl,118275113038,0.77403
"U(0.001,0.01), eps=1e-07",0.001,0.01,1e-07,oracle_hl,142669654393,0.81151
"U(0.001,0.01), eps=1e-07",0.001,0.01,1e-07,oracle_hl,172095631632,0.84644
"U(0.001,0.01), eps=1e-07",0.001,0.01,1e-07,oracle_hl,207590791138,0.87823
"U(0.001,0.01), eps=1e-07",0.001,0.01,1e-07,oracle_hl,250406917112,0.90641
"U(0.001,0.01), eps=1e-07",0.001,0.01,1e-07,oracle_hl,302053977412,0.93062
"U(0.001,0.01), eps=1e-07",0.001,0.01,1e-07,oracle_hl,364353374591,0.95068
"U(0.001,0.01), eps=1e-07",0.001,0.01,1e-07,oracle_hl,439502180084,0.96662
"U(0.001,0.01), eps=1e-07",0.001,0.01,1e-07,oracle_hl,530150616871,0.97867
"U(0.001,0.01), eps=1e-07",0.001,0.01,1e-07,oracle_hl,639495523129,0.98726
"U(0.001,0.01), eps=1e-07",0.001,0.01,1e-07,oracle_hl,771393092995,0.99297
"U(0.001,0.01), eps=1e-07",0.001,0.01,1e-07,oracle_hl,930494870409,0.99647
"U(0.001,0.01), eps=1e-07",0.001,0.01,1e-07,oracle_hl,1122411792016,0.99841
"U(0.001,0.01), eps=1e-07",0.001,0.01,1e-07,oracle_hl,1353912064344,0.99937
"U(0.001,0.01), eps=1e-07",0.001,0.01,1e-07,oracle_hl,1633159853642,0.99979
"U(0.001,0.01), eps=1e-07",0.001,0.01,1e-07,oracle_hl,1970003206110,0.99994
"U(0.001,0.01), eps=1e-07",0.001,0.01,1e-07,oracle_hl,2376321352395,0.99999
"U(0.001,0.01), eps=1e-07",0.001,0.01,1e-07,oracle_hl,2866443644525,1.0
"U(0.001,0.01), eps=1e-07",0.001,0.01,1e-07,oracle_hl,3457654899644,1.0
"U(0.001,0.01), eps=1e-07",0.001,0.01,1e-07,oracle_hl,4170804972171,1.0
"U(0.001,0.01), eps=1e-07",0.001,0.01,1e-07,oracle_hl,5031044051758,1.0
"U(0.001,0.01), eps=1e-07",0.001,0.01,1e-07,oracle_hl,6068709618315,1.0
"U(0.001,0.01), eps=1e-07",0.001,0.01,1e-07,oracle_hl,7320396333752,1.0
"U(0.001,0.01), eps=1e-07",0.001,0.01,1e-07,oracle_hl,8830246601596,1.0
"U(0.001,0.01), eps=1e-07",0.001,0.01,1e-07,oracle_hl,10651507307808,1.0
"U(0.001,0.01), eps=1e-07",0.001,0.01,1e-07,oracle_hl,12848407643312,1.0
"U(0.001,0.01), eps=1e-08",0.001,0.01,1e-08,oracle_hl,856560509554,0.27337
"U(0.001,0.01), eps=1e-08",0.001,0.01,1e-08,oracle_hl,1033228282146,0.29858
"U(0.001,0.01), eps=1e-08",0.001,0.01,1e-08,oracle_hl,1246334229887,0.32577
"U(0.001,0.01), eps=1e-08",0.001,0.01,1e-08,oracle_hl,1503393818606,0.35497
"U(0.001,0.01), eps=1e-08",0.001,0.01,1e-08,oracle_hl,1813472597980,0.38623
"U(0.001,0.01), eps=1e-08",0.001,0.01,1e-08,oracle_hl,2187505910242,0.4195
"U(0.001,0.01), eps=1e-08",0.001,0.01,1e-08,oracle_hl,2638684539638,0.45472
"U(0.001,0.01), eps=1e-08",0.001,0.01,1e-08,oracle_hl,3182919903037,0.49175
"U(0.001,0.01), eps=1e-08",0.001,0.01,1e-08,oracle_hl,3839405187307,0.53038
"U(0.001,0.01), eps=1e-08",0.001,0.01,1e-08,oracle_hl,4631292222671,0.57033
"U(0.001,0.01), eps=1e-08",0.001,0.01,1e-08,oracle_hl,5586507962920,0.61123
"U(0.001,0.01), eps=1e-08",0.001,0.01,1e-08,oracle_hl,6738739366737,0.6526
"U(0.001,0.01), eps=1e-08",0.001,0.01,1e-08,oracle_hl,8128621413272,0.69393
"U(0.001,0.01), eps=1e-08",0.001,0.01,1e-08,oracle_hl,9805170148953,0.73462
"U(0.001,0.01), eps=1e-08",0.001,0.01,1e-08,oracle_hl,11827511303817,0.77403
"U(0.001,0.01), eps=1e-08",0.001,0.01,1e-08,oracle_hl,14266965439335,0.81151
"U(0.001,0.01), eps=1e-08",0.001,0.01,1e-08,oracle_hl,17209563163258,0.84644
"U(0.001,0.01), eps=1e-08",0.001,0.01,1e-08,oracle_hl,20759079113881,0.87823
"U(0.001,0.01), eps=1e-08",0.001,0.01,1e-08,oracle_hl,25040691711246,0.90641
"U(0.001,0.01), eps=1e-08",0.001,0.01,1e-08,oracle_hl,30205397741290,0.93062
"U(0.001,0.01), eps=1e-08",0.001,0.01,1e-08,oracle_hl,36435337459140,0.95068
"U(0.001,0.01), eps=1e-08",0.001,0.01,1e-08,oracle_hl,43950218008441,0.96662
"U(0.001,0.01), eps=1e-08",0.001,0.01,1e-08,oracle_hl,53015061687180,0.97867
"U(0.001,0.01), eps=1e-08",0.001,0.01,1e-08,oracle_hl,63949552312931,0.98726
"U(0.001,0.01), eps=1e-08",0.001,0.01,1e-08,oracle_hl,77139309299590,0.99297
"U(0.001,0.01), eps=1e-08",0.001,0.01,1e-08,oracle_hl,93049487040969,0.99647
"U(0.001,0.01), eps=1e-08",0.001,0.01,1e-08,oracle_hl,112241179201660,0.99841
"U(0.001,0.01), eps=1e-08",0.001,0.01,1e-08,oracle_hl,135391206434402,0.99937
"U(0.001,0.01), eps=1e-08",0.001,0.01,1e-08,oracle_hl,163315985364235,0.99979
"U(0.001,0.01), eps=1e-08",0.001,0.01,1e-08,oracle_hl,197000320611029,0.99994
"U(0.001,0.01), eps=1e-08",0.001,0.01,1e-08,oracle_hl,237632135239512,0.99999
"U(0.001,0.01), eps=1e-08",0.001,0.01,1e-08,oracle_hl,286644364452512,1.0
"U(0.001,0.01), eps=1e-08",0.001,0.01,1e-08,oracle_hl,345765489964437,1.0
"U(0.001,0.01), eps=1e-08",0.001,0.01,1e-08,oracle_hl,417080497217146,1.0
"U(0.001,0.01), eps=1e-08",0.001,0.01,1e-08,oracle_hl,503104405175871,1.0
"U(0.001,0.01), eps=1e-08",0.001,0.01,1e-08,oracle_hl,606870961831593,1.0
"U(0.001,0.01), eps=1e-08",0.001,0.01,1e-08,oracle_hl,732039633375216,1.0
"U(0.001,0.01), eps=1e-08",0.001,0.01,1e-08,oracle_hl,883024660159680,1.0
"U(0.001,0.01), eps=1e-08",0.001,0.01,1e-08,oracle_hl,1065150730780802,1.0
"U(0.001,0.01), eps=1e-08",0.001,0.01,1e-08,oracle_hl,1284840764331210,1.0
"U(0.001,0.1), eps=1e-06",0.001,0.1,1e-06,oracle_hl,896533333,0.31727
"U(0.001,0.1), eps=1e-06",0.001,0.1,1e-06,oracle_hl,1081445601,0.34412
"U(0.001,0.1), eps=1e-06",0.001,0.1,1e-06,oracle_hl,1304496493,0.37263
"U(0.001,0.1), eps=1e-06",0.001,0.1,1e-06,oracle_hl,1573552196,0.40276
"U(0.001,0.1), eps=1e-06",0.001,0.1,1e-06,oracle_hl,1898101319,0.43449
"U(0.001,0.1), eps=1e-06",0.001,0.1,1e-06,oracle_hl,2289589519,0.46774
"U(0.001,0.1), eps=1e-06",0.001,0.1,1e-06,oracle_hl,2761823151,0.50238
"U(0.001,0.1), eps=1e-06",0.001,0.1,1e-06,oracle_hl,3331456165,0.53826
"U(0.001,0.1), eps=1e-06",0.001,0.1,1e-06,oracle_hl,4018577429,0.57517
"U(0.001,0.1), eps=1e-06",0.001,0.1,1e-06,oracle_hl,4847419193,0.61286
"U(0.001,0.1), eps=1e-06",0.001,0.1,1e-06,oracle_hl,5847211667,0.65099
"U(0.001,0.1), eps=1e-06",0.001,0.1,1e-06,oracle_hl,7053213870,0.68919
"U(0.001,0.1), eps=1e-06",0.001,0.1,1e-06,oracle_hl,8507957079,0.72703
"U(0.001,0.1), eps=1e-06",0.001,0.1,1e-06,oracle_hl,10262744755,0.76402
"U(0.001,0.1), eps=1e-06",0.001,0.1,1e-06,oracle_hl,12379461831,0.79965
"U(0.001,0.1), eps=1e-06",0.001,0.1,1e-06,oracle_hl,14932757159,0.83338
"U(0.001,0.1), eps=1e-06",0.001,0.1,1e-06,oracle_hl,18012676110,0.86467
"U(0.001,0.1), eps=1e-06",0.001,0.1,1e-06,oracle_hl,21727836139,0.89305
"U(0.001,0.1), eps=1e-06",0.001,0.1,1e-06,oracle_hl,26209257324,0.91811
"U(0.001,0.1), eps=1e-06",0.001,0.1,1e-06,oracle_hl,31614982969,0.93955
"U(0.001,0.1), eps=1e-06",0.001,0.1,1e-06,oracle_hl,38135653207,0.95723
"U(0.001,0.1), eps=1e-06",0.001,0.1,1e-06,oracle_hl,46001228182,0.97121
"U(0.001,0.1), eps=1e-06",0.001,0.1,1e-06,oracle_hl,55489097899,0.98171
"U(0.001,0.1), eps=1e-06",0.001,0.1,1e-06,oracle_hl,66933864754,0.98915
"U(0.001,0.1), eps=1e-06",0.001,0.1,1e-06,oracle_hl,80739143733,0.99406
"U(0.001,0.1), eps=1e-06",0.001,0.1,1e-06,oracle_hl,97391796436,0.99704
"U(0.001,0.1), eps=1e-06",0.001,0.1,1e-06,oracle_hl,117479100897,0.99868
"U(0.001,0.1), eps=1e-06",0.001,0.1,1e-06,oracle_hl,141709462734,0.99949
"U(0.001,0.1), eps=1e-06",0.001,0.1,1e-06,oracle_hl,170937398014,0.99983
"U(0.001,0.1), eps=1e-06",0.001,0.1,1e-06,oracle_hl,206193668906,0.99995
"U(0.001,0.1), eps=1e-06",0.001,0.1,1e-06,oracle_hl,248721634884,0.99999
"U(0.001,0.1), eps=1e-06",0.001,0.1,1e-06,oracle_hl,300021101460,1.0
"U(0.001,0.1), eps=1e-06",0.001,0.1,1e-06,oracle_hl,361901212829,1.0
"U(0.001,0.1), eps=1e-06",0.001,0.1,1e-06,oracle_hl,436544253753,1.0
"U(0.001,0.1), eps=1e-06",0.001,0.1,1e-06,oracle_hl,526582610750,1.0
"U(0.001,0.1), eps=1e-06",0.001,0.1,1e-06,oracle_hl,635191606717,1.0
"U(0.001,0.1), eps=1e-06",0.001,0.1,1e-06,oracle_hl,766201482932,1.0
"U(0.001,0.1), eps=1e-06",0.001,0.1,1e-06,oracle_hl,924232477633,1.0
"U(0.001,0.1), eps=1e-06",0.001,0.1,1e-06,oracle_hl,1114857764883,1.0
"U(0.001,0.1), eps=1e-06",0.001,0.1,1e-06,oracle_hl,1344800000000,1.0
"U(0.0001,0.1), eps=1e-04",0.0001,0.1,0.0001,oracle_hl,89653,0.32339
"U(0.0001,0.1), eps=1e-04",0.0001,0.1,0.0001,oracle_hl,108144,0.35001
"U(0.0001,0.1), eps=1e-04",0.0001,0.1,0.0001,oracle_hl,130449,0.37827
"U(0.0001,0.1), eps=1e-04",0.0001,0.1,0.0001,oracle_hl,157355,0.40814
"U(0.0001,0.1), eps=1e-04",0.0001,0.1,0.0001,oracle_hl,189810,0.43959
"U(0.0001,0.1), eps=1e-04",0.0001,0.1,0.0001,oracle_hl,228958,0.47253
"U(0.0001,0.1), eps=1e-04",0.0001,0.1,0.0001,oracle_hl,276182,0.50686
"U(0.0001,0.1), eps=1e-04",0.0001,0.1,0.0001,oracle_hl,333145,0.54242
"U(0.0001,0.1), eps=1e-04",0.0001,0.1,0.0001,oracle_hl,401857,0.579
"U(0.0001,0.1), eps=1e-04",0.0001,0.1,0.0001,oracle_hl,484741,0.61634
"U(0.0001,0.1), eps=1e-04",0.0001,0.1,0.0001,oracle_hl,584721,0.65413
"U(0.0001,0.1), eps=1e-04",0.0001,0.1,0.0001,oracle_hl,705321,0.69199
"U(0.0001,0.1), eps=1e-04",0.0001,0.1,0.0001,oracle_hl,850795,0.72949
"U(0.0001,0.1), eps=1e-04",0.0001,0.1,0.0001,oracle_hl,1026274,0.76615
"U(0.0001,0.1), eps=1e-04",0.0001,0.1,0.0001,oracle_hl,1237946,0.80145
"U(0.0001,0.1), eps=1e-04",0.0001,0.1,0.0001,oracle_hl,1493275,0.83488
"U(0.0001,0.1), eps=1e-04",0.0001,0.1,0.0001,oracle_hl,1801267,0.86589
"U(0.0001,0.1), eps=1e-04",0.0001,0.1,0.0001,oracle_hl,2172783,0.89402
"U(0.0001,0.1), eps=1e-04",0.0001,0.1,0.0001,oracle_hl,2620925,0.91885
"U(0.0001,0.1), eps=1e-04",0.0001,0.1,0.0001,oracle_hl,3161498,0.94009
"U(0.0001,0.1), eps=1e-04",0.0001,0.1,0.0001,oracle_hl,3813565,0.95761
"U(0.0001,0.1), eps=1e-04",0.0001,0.1,0.0001,oracle_hl,4600122,0.97146
"U(0.0001,0.1), eps=1e-04",0.0001,0.1,0.0001,oracle_hl,5548909,0.98187
"U(0.0001,0.1), eps=1e-04",0.0001,0.1,0.0001,oracle_hl,6693386,0.98924
"U(0.0001,0.1), eps=1e-04",0.0001,0.1,0.0001,oracle_hl,8073914,0.99411
"U(0.0001,0.1), eps=1e-04",0.0001,0.1,0.0001,oracle_hl,9739179,0.99707
"U(0.0001,0.1), eps=1e-04",0.0001,0.1,0.0001,oracle_hl,11747910,0.99869
"U(0.0001,0.1), eps=1e-04",0.0001,0.1,0.0001,oracle_hl,14170946,0.99949
"U(0.0001,0.1), eps=1e-04",0.0001,0.1,0.0001,oracle_hl,17093739,0.99983
"U(0.0001,0.1), eps=1e-04",0.0001,0.1,0.0001,oracle_hl,20619366,0.99995
"U(0.0001,0.1), eps=1e-04",0.0001,0.1,0.0001,oracle_hl,24872163,0.99999
"U(0.0001,0.1), eps=1e-04",0.0001,0.1,0.0001,oracle_hl,30002110,1.0
"U(0.0001,0.1), eps=1e-04",0.0001,0.1,0.0001,oracle_hl,36190121,1.0
"U(0.0001,0.1), eps=1e-04",0.0001,0.1,0.0001,oracle_hl,43654425,1.0
"U(0.0001,0.1), eps=1e-04",0.0001,0.1,0.0001,oracle_hl,52658261,1.0
"U(0.0001,0.1), eps=1e-04",0.0001,0.1,0.0001,oracle_hl,63519160,1.0
"U(0.0001,0.1), eps=1e-04",0.0001,0.1,0.0001,oracle_hl,76620148,1.0
"U(0.0001,0.1), eps=1e-04",0.0001,0.1,0.0001,oracle_hl,92423247,1.0
"U(0.0001,0.1), eps=1e-04",0.0001,0.1,0.0001,oracle_hl,111485776,1.0
"U(0.0001,0.1), eps=1e-04",0.0001,0.1,0.0001,oracle_hl,134480000,1.0
"U(0.0001,0.1), eps=1e-06",0.0001,0.1,1e-06,oracle_hl,896533333,0.32339
"U(0.0001,0.1), eps=1e-06",0.0001,0.1,1e-06,oracle_hl,1081445601,0.35001
"U(0.0001,0.1), eps=1e-06",0.0001,0.1,1e-06,oracle_hl,1304496493,0.37827
"U(0.0001,0.1), eps=1e-06",0.0001,0.1,1e-06,oracle_hl,1573552196,0.40814
"U(0.0001,0.1), eps=1e-06",0.0001,0.1,1e-06,oracle_hl,1898101319,0.43959
"U(0.0001,0.1), eps=1e-06",0.0001,0.1,1e-06,oracle_hl,2289589519,0.47253
"U(0.0001,0.1), eps=1e-06",0.0001,0.1,1e-06,oracle_hl,2761823151,0.50686
"U(0.0001,0.1), eps=1e-06",0.0001,0.1,1e-06,oracle_hl,3331456165,0.54242
"U(0.0001,0.1), eps=1e-06",0.0001,0.1,1e-06,oracle_hl,4018577429,0.579
"U(0.0001,0.1), eps=1e-06",0.0001,0.1,1e-06,oracle_hl,4847419193,0.61634
"U(0.0001,0.1), eps=1e-06",0.0001,0.1,1e-06,oracle_hl,5847211667,0.65413
"U(0.0001,0.1), eps=1e-06",0.0001,0.1,1e-06,oracle_hl,7053213870,0.69199
"U(0.0001,0.1), eps=1e-06",0.0001,0.1,1e-06,oracle_hl,8507957079,0.72949
"U(0.0001,0.1), eps=1e-06",0.0001,0.1,1e-06,oracle_hl,10262744755,0.76615
"U(0.0001,0.1), eps=1e-06",0.0001,0.1,1e-06,oracle_hl,12379461831,0.80145
"U(0.0001,0.1), eps=1e-06",0.0001,0.1,1e-06,oracle_hl,14932757159,0.83488
"U(0.0001,0.1), eps=1e-06",0.0001,0.1,1e-06,oracle_hl,18012676110,0.86589
"U(0.0001,0.1), eps=1e-06",0.0001,0.1,1e-06,oracle_hl,21727836139,0.89402
"U(0.0001,0.1), eps=1e-06",0.0001,0.1,1e-06,oracle_hl,26209257324,0.91885
"U(0.0001,0.1), eps=1e-06",0.0001,0.1,1e-06,oracle_hl,31614982969,0.94009
"U(0.0001,0.1), eps=1e-06",0.0001,0.1,1e-06,oracle_hl,38135653207,0.95761
"U(0.0001,0.1), eps=1e-06",0.0001,0.1,1e-06,oracle_hl,46001228182,0.97146
"U(0.0001,0.1), eps=1e-06",0.0001,0.1,1e-06,oracle_hl,55489097899,0.98187
"U(0.0001,0.1), eps=1e-06",0.0001,0.1,1e-06,oracle_hl,66933864754,0.98924
"U(0.0001,0.1), eps=1e-06",0.0001,0.1,1e-06,oracle_hl,80739143733,0.99411
"U(0.0001,0.1), eps=1e-06",0.0001,0.1,1e-06,oracle_hl,97391796436,0.99707
"U(0.0001,0.1), eps=1e-06",0.0001,0.1,1e-06,oracle_hl,117479100897,0.99869
"U(0.0001,0.1), eps=1e-06",0.0001,0.1,1e-06,oracle_hl,141709462734,0.99949
"U(0.0001,0.1), eps=1e-06",0.0001,0.1,1e-06,oracle_hl,170937398014,0.99983
"U(0.0001,0.1), eps=1e-06",0.0001,0.1,1e-06,oracle_hl,206193668906,0.99995
"U(0.0001,0.1), eps=1e-06",0.0001,0.1,1e-06,oracle_hl,248721634884,0.99999
"U(0.0001,0.1), eps=1e-06",0.0001,0.1,1e-06,oracle_hl,300021101460,1.0
"U(0.0001,0.1), eps=1e-06",0.0001,0.1,1e-06,oracle_hl,361901212829,1.0
"U(0.0001,0.1), eps=1e-06",0.0001,0.1,1e-06,oracle_hl,436544253753,1.0
"U(0.0001,0.1), eps=1e-06",0.0001,0.1,1e-06,oracle_hl,526582610750,1.0
"U(0.0001,0.1), eps=1e-06",0.0001,0.1,1e-06,oracle_hl,635191606717,1.0
"U(0.0001,0.1), eps=1e-06",0.0001,0.1,1e-06,oracle_hl,766201482932,1.0
"U(0.0001,0.1), eps=1e-06",0.0001,0.1,1e-06,oracle_hl,924232477633,1.0
"U(0.0001,0.1), eps=1e-06",0.0001,0.1,1e-06,oracle_hl,1114857764883,1.0
"U(0.0001,0.1), eps=1e-06",0.0001,0.1,1e-06,oracle_hl,1344800000000,1.0
"U(0.0001,0.01), eps=1e-04",0.0001,0.01,0.0001,oracle_hl,8565,0.31238
"U(0.0001,0.01), eps=1e-04",0.0001,0.01,0.0001,oracle_hl,10332,0.33919
"U(0.0001,0.01), eps=1e-04",0.0001,0.01,0.0001,oracle_hl,12463,0.36751
"U(0.0001,0.01), eps=1e-04",0.0001,0.01,0.0001,oracle_hl,15033,0.39741
"U(0.0001,0.01), eps=1e-04",0.0001,0.01,0.0001,oracle_hl,18134,0.42892
"U(0.0001,0.01), eps=1e-04",0.0001,0.01,0.0001,oracle_hl,21875,0.46198
"U(0.0001,0.01), eps=1e-04",0.0001,0.01,0.0001,oracle_hl,26386,0.49645
"U(0.0001,0.01), eps=1e-04",0.0001,0.01,0.0001,oracle_hl,31829,0.53221
"U(0.0001,0.01), eps=1e-04",0.0001,0.01,0.0001,oracle_hl,38394,0.56905
"U(0.0001,0.01), eps=1e-04",0.0001,0.01,0.0001,oracle_hl,46312,0.60671
"U(0.0001,0.01), eps=1e-04",0.0001,0.01,0.0001,oracle_hl,55865,0.64489
"U(0.0001,0.01), eps=1e-04",0.0001,0.01,0.0001,oracle_hl,67387,0.6832
"U(0.0001,0.01), eps=1e-04",0.0001,0.01,0.0001,oracle_hl,81286,0.72123
"U(0.0001,0.01), eps=1e-04",0.0001,0.01,0.0001,oracle_hl,98051,0.75849
"U(0.0001,0.01), eps=1e-04",0.0001,0.01,0.0001,oracle_hl,118275,0.79446
"U(0.0001,0.01), eps=1e-04",0.0001,0.01,0.0001,oracle_hl,142669,0.82861
"U(0.0001,0.01), eps=1e-04",0.0001,0.01,0.0001,oracle_hl,172095,0.86039
"U(0.0001,0.01), eps=1e-04",0.0001,0.01,0.0001,oracle_hl,207590,0.8893
"U(0.0001,0.01), eps=1e-04",0.0001,0.01,0.0001,oracle_hl,250406,0.91492
"U(0.0001,0.01), eps=1e-04",0.0001,0.01,0.0001,oracle_hl,302053,0.93693
"U(0.0001,0.01), eps=1e-04",0.0001,0.01,0.0001,oracle_hl,364353,0.95517
"U(0.0001,0.01), eps=1e-04",0.0001,0.01,0.0001,oracle_hl,439502,0.96966
"U(0.0001,0.01), eps=1e-04",0.0001,0.01,0.0001,oracle_hl,530150,0.98061
"U(0.0001,0.01), eps=1e-04",0.0001,0.01,0.0001,oracle_hl,639495,0.98841
"U(0.0001,0.01), eps=1e-04",0.0001,0.01,0.0001,oracle_hl,771393,0.99361
"U(0.0001,0.01), eps=1e-04",0.0001,0.01,0.0001,oracle_hl,930494,0.99679
"U(0.0001,0.01), eps=1e-04",0.0001,0.01,0.0001,oracle_hl,1122411,0.99856
"U(0.0001,0.01), eps=1e-04",0.0001,0.01,0.0001,oracle_hl,1353912,0.99943
"U(0.0001,0.01), eps=1e-04",0.0001,0.01,0.0001,oracle_hl,1633159,0.99981
"U(0.0001,0.01), eps=1e-04",0.0001,0.01,0.0001,oracle_hl,1970003,0.99995
"U(0.0001,0.01), eps=1e-04",0.0001,0.01,0.0001,oracle_hl,2376321,0.99999
"U(0.0001,0.01), eps=1e-04",0.0001,0.01,0.0001,oracle_hl,2866443,1.0
"U(0.0001,0.01), eps=1e-04",0.0001,0.01,0.0001,oracle_hl,3457654,1.0
"U(0.0001,0.01), eps=1e-04",0.0001,0.01,0.0001,oracle_hl,4170804,1.0
"U(0.0001,0.01), eps=1e-04",0.0001,0.01,0.0001,oracle_hl,5031044,1.0
"U(0.0001,0.01), eps=1e-04",0.0001,0.01,0.0001,oracle_hl,6068709,1.0
"U(0.0001,0.01), eps=1e-04",0.0001,0.01,0.0001,oracle_hl,7320396,1.0
"U(0.0001,0.01), eps=1e-04",0.0001,0.01,0.0001,oracle_hl,8830246,1.0
"U(0.0001,0.01), eps=1e-04",0.0001,0.01,0.0001,oracle_hl,10651507,1.0
"U(0.0001,0.01), eps=1e-04",0.0001,0.01,0.0001,oracle_hl,12848407,1.0
"U(0.0001,0.01), eps=1e-06",0.0001,0.01,1e-06,oracle_hl,85656050,0.31268
"U(0.0001,0.01), eps=1e-06",0.0001,0.01,1e-06,oracle_hl,103322828,0.33927
"U(0.0001,0.01), eps=1e-06",0.0001,0.01,1e-06,oracle_hl,124633422,0.36752
"U(0.0001,0.01), eps=1e-06",0.0001,0.01,1e-06,oracle_hl,150339381,0.39742
"U(0.0001,0.01), eps=1e-06",0.0001,0.01,1e-06,oracle_hl,181347259,0.42893
"U(0.0001,0.01), eps=1e-06",0.0001,0.01,1e-06,oracle_hl,218750591,0.46198
"U(0.0001,0.01), eps=1e-06",0.0001,0.01,1e-06,oracle_hl,263868453,0.49646
"U(0.0001,0.01), eps=1e-06",0.0001,0.01,1e-06,oracle_hl,318291990,0.53221
"U(0.0001,0.01), eps=1e-06",0.0001,0.01,1e-06,oracle_hl,383940518,0.56905
"U(0.0001,0.01), eps=1e-06",0.0001,0.01,1e-06,oracle_hl,463129222,0.60671
"U(0.0001,0.01), eps=1e-06",0.0001,0.01,1e-06,oracle_hl,558650796,0.64489
"U(0.0001,0.01), eps=1e-06",0.0001,0.01,1e-06,oracle_hl,673873936,0.6832
"U(0.0001,0.01), eps=1e-06",0.0001,0.01,1e-06,oracle_hl,812862141,0.72123
"U(0.0001,0.01), eps=1e-06",0.0001,0.01,1e-06,oracle_hl,980517014,0.75849
"U(0.0001,0.01), eps=1e-06",0.0001,0.01,1e-06,oracle_hl,1182751130,0.79446
"U(0.0001,0.01), eps=1e-06",0.0001,0.01,1e-06,oracle_hl,1426696543,0.82861
"U(0.0001,0.01), eps=1e-06",0.0001,0.01,1e-06,oracle_hl,1720956316,0.86039
"U(0.0001,0.01), eps=1e-06",0.0001,0.01,1e-06,oracle_hl,2075907911,0.8893
"U(0.0001,0.01), eps=1e-06",0.0001,0.01,1e-06,oracle_hl,2504069171,0.91492
"U(0.0001,0.01), eps=1e-06",0.0001,0.01,1e-06,oracle_hl,3020539774,0.93693
"U(0.0001,0.01), eps=1e-06",0.0001,0.01,1e-06,oracle_hl,3643533745,0.95517
"U(0.0001,0.01), eps=1e-06",0.0001,0.01,1e-06,oracle_hl,4395021800,0.96966
"U(0.0001,0.01), eps=1e-06",0.0001,0.01,1e-06,oracle_hl,5301506168,0.98061
"U(0.0001,0.01), eps=1e-06",0.0001,0.01,1e-06,oracle_hl,6394955231,0.98841
"U(0.0001,0.01), eps=1e-06",0.0001,0.01,1e-06,oracle_hl,7713930929,0.99361
"U(0.0001,0.01), eps=1e-06",0.0001,0.01,1e-06,oracle_hl,9304948704,0.99679
"U(0.0001,0.01), eps=1e-06",0.0001,0.01,1e-06,oracle_hl,11224117920,0.99856
"U(0.0001,0.01), eps=1e-06",0.0001,0.01,1e-06,oracle_hl,13539120643,0.99943
"U(0.0001,0.01), eps=1e-06",0.0001,0.01,1e-06,oracle_hl,16331598536,0.99981
"U(0.0001,0.01), eps=1e-06",0.0001,0.01,1e-06,oracle_hl,19700032061,0.99995
"U(0.0001,0.01), eps=1e-06",0.0001,0.01,1e-06,oracle_hl,23763213523,0.99999
"U(0.0001,0.01), eps=1e-06",0.0001,0.01,1e-06,oracle_hl,28664436445,1.0
"U(0.0001,0.01), eps=1e-06",0.0001,0.01,1e-06,oracle_hl,34576548996,1.0
"U(0.0001,0.01), eps=1e-06",0.0001,0.01,1e-06,oracle_hl,41708049721,1.0
"U(0.0001,0.01), eps=1e-06",0.0001,0.01,1e-06,oracle_hl,50310440517,1.0
"U(0.0001,0.01), eps=1e-06",0.0001,0.01,1e-06,oracle_hl,60687096183,1.0
"U(0.0001,0.01), eps=1e-06",0.0001,0.01,1e-06,oracle_hl,73203963337,1.0
"U(0.0001,0.01), eps=1e-06",0.0001,0.01,1e-06,oracle_hl,88302466015,1.0
"U(0.0001,0.01), eps=1e-06",0.0001,0.01,1e-06,oracle_hl,106515073078,1.0
"U(0.0001,0.01), eps=1e-06",0.0001,0.01,1e-06,oracle_hl,128484076433,1.0
"U(0.005,0.05), eps=1e-04",0.005,0.05,0.0001,oracle_hl,43380,0.27422
"U(0.005,0.05), eps=1e-04",0.005,0.05,0.0001,oracle_hl,52328,0.2995
"U(0.005,0.05), eps=1e-04",0.005,0.05,0.0001,oracle_hl,63120,0.32674
"U(0.005,0.05), eps=1e-04",0.005,0.05,0.0001,oracle_hl,76139,0.35601
"U(0.005,0.05), eps=1e-04",0.005,0.05,0.0001,oracle_hl,91843,0.38732
"U(0.005,0.05), eps=1e-04",0.005,0.05,0.0001,oracle_hl,110786,0.42065
"U(0.005,0.05), eps=1e-04",0.005,0.05,0.0001,oracle_hl,133636,0.45592
"U(0.005,0.05), eps=1e-04",0.005,0.05,0.0001,oracle_hl,161199,0.49299
"U(0.005,0.05), eps=1e-04",0.005,0.05,0.0001,oracle_hl,194447,0.53165
"U(0.005,0.05), eps=1e-04",0.005,0.05,0.0001,oracle_hl,234552,0.57161
"U(0.005,0.05), eps=1e-04",0.005,0.05,0.0001,oracle_hl,282929,0.61249
"U(0.005,0.05), eps=1e-04",0.005,0.05,0.0001,oracle_hl,341284,0.65384
"U(0.005,0.05), eps=1e-04",0.005,0.05,0.0001,oracle_hl,411675,0.69512
"U(0.005,0.05), eps=1e-04",0.005,0.05,0.0001,oracle_hl,496584,0.73573
"U(0.005,0.05), eps=1e-04",0.005,0.05,0.0001,oracle_hl,599006,0.77505
"U(0.005,0.05), eps=1e-04",0.005,0.05,0.0001,oracle_hl,722552,0.81243
"U(0.005,0.05), eps=1e-04",0.005,0.05,0.0001,oracle_hl,871581,0.84724
"U(0.005,0.05), eps=1e-04",0.005,0.05,0.0001,oracle_hl,1051346,0.87891
"U(0.005,0.05), eps=1e-04",0.005,0.05,0.0001,oracle_hl,1268189,0.90696
"U(0.005,0.05), eps=1e-04",0.005,0.05,0.0001,oracle_hl,1529757,0.93105
"U(0.005,0.05), eps=1e-04",0.005,0.05,0.0001,oracle_hl,1845273,0.951
"U(0.005,0.05), eps=1e-04",0.005,0.05,0.0001,oracle_hl,2225865,0.96685
"U(0.005,0.05), eps=1e-04",0.005,0.05,0.0001,oracle_hl,2684956,0.97882
"U(0.005,0.05), eps=1e-04",0.005,0.05,0.0001,oracle_hl,3238735,0.98735
"U(0.005,0.05), eps=1e-04",0.005,0.05,0.0001,oracle_hl,3906732,0.99302
"U(0.005,0.05), eps=1e-04",0.005,0.05,0.0001,oracle_hl,4712506,0.99649
"U(0.005,0.05), eps=1e-04",0.005,0.05,0.0001,oracle_hl,5684472,0.99842
"U(0.005,0.05), eps=1e-04",0.005,0.05,0.0001,oracle_hl,6856909,0.99938
"U(0.005,0.05), eps=1e-04",0.005,0.05,0.0001,oracle_hl,8271164,0.99979
"U(0.005,0.05), eps=1e-04",0.005,0.05,0.0001,oracle_hl,9977113,0.99994
"U(0.005,0.05), eps=1e-04",0.005,0.05,0.0001,oracle_hl,12034917,0.99999
"U(0.005,0.05), eps=1e-04",0.005,0.05,0.0001,oracle_hl,14517150,1.0
"U(0.005,0.05), eps=1e-04",0.005,0.05,0.0001,oracle_hl,17511349,1.0
"U(0.005,0.05), eps=1e-04",0.005,0.05,0.0001,oracle_hl,21123109,1.0
"U(0.005,0.05), eps=1e-04",0.005,0.05,0.0001,oracle_hl,25479803,1.0
"U(0.005,0.05), eps=1e-04",0.005,0.05,0.0001,oracle_hl,30735077,1.0
"U(0.005,0.05), eps=1e-04",0.005,0.05,0.0001,oracle_hl,37074265,1.0
"U(0.005,0.05), eps=1e-04",0.005,0.05,0.0001,oracle_hl,44720926,1.0
"U(0.005,0.05), eps=1e-04",0.005,0.05,0.0001,oracle_hl,53944730,1.0
"U(0.005,0.05), eps=1e-04",0.005,0.05,0.0001,oracle_hl,65070967,1.0
"U(0.005,0.05), eps=1e-06",0.005,0.05,1e-06,oracle_hl,433806451,0.27423
"U(0.005,0.05), eps=1e-06",0.005,0.05,1e-06,oracle_hl,523280129,0.2995
"U(0.005,0.05), eps=1e-06",0.005,0.05,1e-06,oracle_hl,631207980,0.32675
"U(0.005,0.05), eps=1e-06",0.005,0.05,1e-06,oracle_hl,761396224,0.35602
"U(0.005,0.05), eps=1e-06",0.005,0.05,1e-06,oracle_hl,918436122,0.38733
"U(0.005,0.05), eps=1e-06",0.005,0.05,1e-06,oracle_hl,1107865896,0.42065
"U(0.005,0.05), eps=1e-06",0.005,0.05,1e-06,oracle_hl,1336366041,0.45592
"U(0.005,0.05), eps=1e-06",0.005,0.05,1e-06,oracle_hl,1611994918,0.49299
"U(0.005,0.05), eps=1e-06",0.005,0.05,1e-06,oracle_hl,1944472949,0.53165
"U(0.005,0.05), eps=1e-06",0.005,0.05,1e-06,oracle_hl,2345525415,0.57161
"U(0.005,0.05), eps=1e-06",0.005,0.05,1e-06,oracle_hl,2829295968,0.61249
"U(0.005,0.05), eps=1e-06",0.005,0.05,1e-06,oracle_hl,3412845421,0.65384
"U(0.005,0.05), eps=1e-06",0.005,0.05,1e-06,oracle_hl,4116753425,0.69512
"U(0.005,0.05), eps=1e-06",0.005,0.05,1e-06,oracle_hl,4965844236,0.73573
"U(0.005,0.05), eps=1e-06",0.005,0.05,1e-06,oracle_hl,5990062176,0.77505
"U(0.005,0.05), eps=1e-06",0.005,0.05,1e-06,oracle_hl,7225527657,0.81243
"U(0.005,0.05), eps=1e-06",0.005,0.05,1e-06,oracle_hl,8715811021,0.84724
"U(0.005,0.05), eps=1e-06",0.005,0.05,1e-06,oracle_hl,10513469099,0.87891
"U(0.005,0.05), eps=1e-06",0.005,0.05,1e-06,oracle_hl,12681898705,0.90696
"U(0.005,0.05), eps=1e-06",0.005,0.05,1e-06,oracle_hl,15297572404,0.93105
"U(0.005,0.05), eps=1e-06",0.005,0.05,1e-06,oracle_hl,18452735422,0.951
"U(0.005,0.05), eps=1e-06",0.005,0.05,1e-06,oracle_hl,22258658797,0.96685
"U(0.005,0.05), eps=1e-06",0.005,0.05,1e-06,oracle_hl,26849563499,0.97882
"U(0.005,0.05), eps=1e-06",0.005,0.05,1e-06,oracle_hl,32387353913,0.98735
"U(0.005,0.05), eps=1e-06",0.005,0.05,1e-06,oracle_hl,39067327613,0.99302
"U(0.005,0.05), eps=1e-06",0.005,0.05,1e-06,oracle_hl,47125062791,0.99649
"U(0.005,0.05), eps=1e-06",0.005,0.05,1e-06,oracle_hl,56844726240,0.99842
"U(0.005,0.05), eps=1e-06",0.005,0.05,1e-06,oracle_hl,68569094871,0.99938
"U(0.005,0.05), eps=1e-06",0.005,0.05,1e-06,oracle_hl,82711644200,0.99979
"U(0.005,0.05), eps=1e-06",0.005,0.05,1e-06,oracle_hl,99771130115,0.99994
"U(0.005,0.05), eps=1e-06",0.005,0.05,1e-06,oracle_hl,120349178169,0.99999
"U(0.005,0.05), eps=1e-06",0.005,0.05,1e-06,oracle_hl,145171500706,1.0
"U(0.005,0.05), eps=1e-06",0.005,0.05,1e-06,oracle_hl,175113490078,1.0
"U(0.005,0.05), eps=1e-06",0.005,0.05,1e-06,oracle_hl,211231090526,1.0
"U(0.005,0.05), eps=1e-06",0.005,0.05,1e-06,oracle_hl,254798037460,1.0
"U(0.005,0.05), eps=1e-06",0.005,0.05,1e-06,oracle_hl,307350777443,1.0
"U(0.005,0.05), eps=1e-06",0.005,0.05,1e-06,oracle_hl,370742653031,1.0
"U(0.005,0.05), eps=1e-06",0.005,0.05,1e-06,oracle_hl,447209263371,1.0
"U(0.005,0.05), eps=1e-06",0.005,0.05,1e-06,oracle_hl,539447305588,1.0
"U(0.005,0.05), eps=1e-06",0.005,0.05,1e-06,oracle_hl,650709677419,1.0
"U(0.0001,0.001), eps=1e-04",0.0001,0.001,0.0001,oracle_hl,856,0.13593
"U(0.0001,0.001), eps=1e-04",0.0001,0.001,0.0001,oracle_hl,1033,0.16368
"U(0.0001,0.001), eps=1e-04",0.0001,0.001,0.0001,oracle_hl,1246,0.19679
"U(0.0001,0.001), eps=1e-04",0.0001,0.001,0.0001,oracle_hl,1503,0.23628
"U(0.0001,0.001), eps=1e-04",0.0001,0.001,0.0001,oracle_hl,1813,0.28165
"U(0.0001,0.001), eps=1e-04",0.0001,0.001,0.0001,oracle_hl,2187,0.32989
"U(0.0001,0.001), eps=1e-04",0.0001,0.001,0.0001,oracle_hl,2638,0.38053
"U(0.0001,0.001), eps=1e-04",0.0001,0.001,0.0001,oracle_hl,3182,0.43302
"U(0.0001,0.001), eps=1e-04",0.0001,0.001,0.0001,oracle_hl,3839,0.48665
"U(0.0001,0.001), eps=1e-04",0.0001,0.001,0.0001,oracle_hl,4631,0.54027
"U(0.0001,0.001), eps=1e-04",0.0001,0.001,0.0001,oracle_hl,5586,0.59273
"U(0.0001,0.001), eps=1e-04",0.0001,0.001,0.0001,oracle_hl,6738,0.64291
"U(0.0001,0.001), eps=1e-04",0.0001,0.001,0.0001,oracle_hl,8128,0.68998
"U(0.0001,0.001), eps=1e-04",0.0001,0.001,0.0001,oracle_hl,9805,0.73366
"U(0.0001,0.001), eps=1e-04",0.0001,0.001,0.0001,oracle_hl,11827,0.77415
"U(0.0001,0.001), eps=1e-04",0.0001,0.001,0.0001,oracle_hl,14266,0.81184
"U(0.0001,0.001), eps=1e-04",0.0001,0.001,0.0001,oracle_hl,17209,0.84676
"U(0.0001,0.001), eps=1e-04",0.0001,0.001,0.0001,oracle_hl,20759,0.87854
"U(0.0001,0.001), eps=1e-04",0.0001,0.001,0.0001,oracle_hl,25040,0.90668
"U(0.0001,0.001), eps=1e-04",0.0001,0.001,0.0001,oracle_hl,30205,0.93085
"U(0.0001,0.001), eps=1e-04",0.0001,0.001,0.0001,oracle_hl,36435,0.95088
"U(0.0001,0.001), eps=1e-04",0.0001,0.001,0.0001,oracle_hl,43950,0.96678
"U(0.0001,0.001), eps=1e-04",0.0001,0.001,0.0001,oracle_hl,53015,0.97879
"U(0.0001,0.001), eps=1e-04",0.0001,0.001,0.0001,oracle_hl,63949,0.98734
"U(0.0001,0.001), eps=1e-04",0.0001,0.001,0.0001,oracle_hl,77139,0.99302
"U(0.0001,0.001), eps=1e-04",0.0001,0.001,0.0001,oracle_hl,93049,0.9965
"U(0.0001,0.001), eps=1e-04",0.0001,0.001,0.0001,oracle_hl,112241,0.99843
"U(0.0001,0.001), eps=1e-04",0.0001,0.001,0.0001,oracle_hl,135391,0.99938
"U(0.0001,0.001), eps=1e-04",0.0001,0.001,0.0001,oracle_hl,163315,0.99979
"U(0.0001,0.001), eps=1e-04",0.0001,0.001,0.0001,oracle_hl,197000,0.99994
"U(0.0001,0.001), eps=1e-04",0.0001,0.001,0.0001,oracle_hl,237632,0.99999
"U(0.0001,0.001), eps=1e-04",0.0001,0.001,0.0001,oracle_hl,286644,1.0
"U(0.0001,0.001), eps=1e-04",0.0001,0.001,0.0001,oracle_hl,345765,1.0
"U(0.0001,0.001), eps=1e-04",0.0001,0.001,0.0001,oracle_hl,417080,1.0
"U(0.0001,0.001), eps=1e-04",0.0001,0.001,0.0001,oracle_hl,503104,1.0
"U(0.0001,0.001), eps=1e-04",0.0001,0.001,0.0001,oracle_hl,606870,1.0
"U(0.0001,0.001), eps=1e-04",0.0001,0.001,0.0001,oracle_hl,732039,1.0
"U(0.0001,0.001), eps=1e-04",0.0001,0.001,0.0001,oracle_hl,883024,1.0
"U(0.0001,0.001), eps=1e-04",0.0001,0.001,0.0001,oracle_hl,1065150,1.0
"U(0.0001,0.001), eps=1e-04",0.0001,0.001,0.0001,oracle_hl,1284840,1.0
"U(0.0001,0.001), eps=1e-06",0.0001,0.001,1e-06,oracle_hl,8565605,0.27355
"U(0.0001,0.001), eps=1e-06",0.0001,0.001,1e-06,oracle_hl,10332282,0.29878
"U(0.0001,0.001), eps=1e-06",0.0001,0.001,1e-06,oracle_hl,12463342,0.32598
"U(0.0001,0.001), eps=1e-06",0.0001,0.001,1e-06,oracle_hl,15033938,0.3552
"U(0.0001,0.001), eps=1e-06",0.0001,0.001,1e-06,oracle_hl,18134725,0.38647
"U(0.0001,0.001), eps=1e-06",0.0001,0.001,1e-06,oracle_hl,21875059,0.41976
"U(0.0001,0.001), eps=1e-06",0.0001,0.001,1e-06,oracle_hl,26386845,0.455
"U(0.0001,0.001), eps=1e-06",0.0001,0.001,1e-06,oracle_hl,31829199,0.49205
"U(0.0001,0.001), eps=1e-06",0.0001,0.001,1e-06,oracle_hl,38394051,0.5307
"U(0.0001,0.001), eps=1e-06",0.0001,0.001,1e-06,oracle_hl,46312922,0.57066
"U(0.0001,0.001), eps=1e-06",0.0001,0.001,1e-06,oracle_hl,55865079,0.61157
"U(0.0001,0.001), eps=1e-06",0.0001,0.001,1e-06,oracle_hl,67387393,0.65296
"U(0.0001,0.001), eps=1e-06",0.0001,0.001,1e-06,oracle_hl,81286214,0.69429
"U(0.0001,0.001), eps=1e-06",0.0001,0.001,1e-06,oracle_hl,98051701,0.73498
"U(0.0001,0.001), eps=1e-06",0.0001,0.001,1e-06,oracle_hl,118275113,0.77439
"U(0.0001,0.001), eps=1e-06",0.0001,0.001,1e-06,oracle_hl,142669654,0.81186
"U(0.0001,0.001), eps=1e-06",0.0001,0.001,1e-06,oracle_hl,172095631,0.84677
"U(0.0001,0.001), eps=1e-06",0.0001,0.001,1e-06,oracle_hl,207590791,0.87854
"U(0.0001,0.001), eps=1e-06",0.0001,0.001,1e-06,oracle_hl,250406917,0.90668
"U(0.0001,0.001), eps=1e-06",0.0001,0.001,1e-06,oracle_hl,302053977,0.93086
"U(0.0001,0.001), eps=1e-06",0.0001,0.001,1e-06,oracle_hl,364353374,0.95088
"U(0.0001,0.001), eps=1e-06",0.0001,0.001,1e-06,oracle_hl,439502180,0.96678
"U(0.0001,0.001), eps=1e-06",0.0001,0.001,1e-06,oracle_hl,530150616,0.97879
"U(0.0001,0.001), eps=1e-06",0.0001,0.001,1e-06,oracle_hl,639495523,0.98734
"U(0.0001,0.001), eps=1e-06",0.0001,0.001,1e-06,oracle_hl,771393092,0.99302
"U(0.0001,0.001), eps=1e-06",0.0001,0.001,1e-06,oracle_hl,930494870,0.9965
"U(0.0001,0.001), eps=1e-06",0.0001,0.001,1e-06,oracle_hl,1122411792,0.99843
"U(0.0001,0.001), eps=1e-06",0.0001,0.001,1e-06,oracle_hl,1353912064,0.99938
"U(0.0001,0.001), eps=1e-06",0.0001,0.001,1e-06,oracle_hl,1633159853,0.99979
"U(0.0001,0.001), eps=1e-06",0.0001,0.001,1e-06,oracle_hl,1970003206,0.99994
"U(0.0001,0.001), eps=1e-06",0.0001,0.001,1e-06,oracle_hl,2376321352,0.99999
"U(0.0001,0.001), eps=1e-06",0.0001,0.001,1e-06,oracle_hl,2866443644,1.0
"U(0.0001,0.001), eps=1e-06",0.0001,0.001,1e-06,oracle_hl,3457654899,1.0
"U(0.0001,0.001), eps=1e-06",0.0001,0.001,1e-06,oracle_hl,4170804972,1.0
"U(0.0001,0.001), eps=1e-06",0.0001,0.001,1e-06,oracle_hl,5031044051,1.0
"U(0.0001,0.001), eps=1e-06",0.0001,0.001,1e-06,oracle_hl,6068709618,1.0
"U(0.0001,0.001), eps=1e-06",0.0001,0.001,1e-06,oracle_hl,7320396333,1.0
"U(0.0001,0.001), eps=1e-06",0.0001,0.001,1e-06,oracle_hl,8830246601,1.0
"U(0.0001,0.001), eps=1e-06",0.0001,0.001,1e-06,oracle_hl,10651507307,1.0
"U(0.0001,0.001), eps=1e-06",0.0001,0.001,1e-06,oracle_hl,12848407643,1.0
"U(1e-05,0.01), eps=1e-05",1e-05,0.01,1e-05,oracle_hl,856560,0.31883
"U(1e-05,0.01), eps=1e-05",1e-05,0.01,1e-05,oracle_hl,1033228,0.3452
"U(1e-05,0.01), eps=1e-05",1e-05,0.01,1e-05,oracle_hl,1246334,0.37321
"U(1e-05,0.01), eps=1e-05",1e-05,0.01,1e-05,oracle_hl,1503393,0.40285
"U(1e-05,0.01), eps=1e-05",1e-05,0.01,1e-05,oracle_hl,1813472,0.43407
"U(1e-05,0.01), eps=1e-05",1e-05,0.01,1e-05,oracle_hl,2187505,0.46682
"U(1e-05,0.01), eps=1e-05",1e-05,0.01,1e-05,oracle_hl,2638684,0.50099
"U(1e-05,0.01), eps=1e-05",1e-05,0.01,1e-05,oracle_hl,3182919,0.53643
"U(1e-05,0.01), eps=1e-05",1e-05,0.01,1e-05,oracle_hl,3839405,0.57293
"U(1e-05,0.01), eps=1e-05",1e-05,0.01,1e-05,oracle_hl,4631292,0.61026
"U(1e-05,0.01), eps=1e-05",1e-05,0.01,1e-05,oracle_hl,5586507,0.64809
"U(1e-05,0.01), eps=1e-05",1e-05,0.01,1e-05,oracle_hl,6738739,0.68606
"U(1e-05,0.01), eps=1e-05",1e-05,0.01,1e-05,oracle_hl,8128621,0.72374
"U(1e-05,0.01), eps=1e-05",1e-05,0.01,1e-05,oracle_hl,9805170,0.76066
"U(1e-05,0.01), eps=1e-05",1e-05,0.01,1e-05,oracle_hl,11827511,0.79631
"U(1e-05,0.01), eps=1e-05",1e-05,0.01,1e-05,oracle_hl,14266965,0.83015
"U(1e-05,0.01), eps=1e-05",1e-05,0.01,1e-05,oracle_hl,17209563,0.86164
"U(1e-05,0.01), eps=1e-05",1e-05,0.01,1e-05,oracle_hl,20759079,0.8903
"U(1e-05,0.01), eps=1e-05",1e-05,0.01,1e-05,oracle_hl,25040691,0.91568
"U(1e-05,0.01), eps=1e-05",1e-05,0.01,1e-05,oracle_hl,30205397,0.93749
"U(1e-05,0.01), eps=1e-05",1e-05,0.01,1e-05,oracle_hl,36435337,0.95557
"U(1e-05,0.01), eps=1e-05",1e-05,0.01,1e-05,oracle_hl,43950218,0.96993
"U(1e-05,0.01), eps=1e-05",1e-05,0.01,1e-05,oracle_hl,53015061,0.98078
"U(1e-05,0.01), eps=1e-05",1e-05,0.01,1e-05,oracle_hl,63949552,0.98852
"U(1e-05,0.01), eps=1e-05",1e-05,0.01,1e-05,oracle_hl,77139309,0.99366
"U(1e-05,0.01), eps=1e-05",1e-05,0.01,1e-05,oracle_hl,93049487,0.99682
"U(1e-05,0.01), eps=1e-05",1e-05,0.01,1e-05,oracle_hl,112241179,0.99857
"U(1e-05,0.01), eps=1e-05",1e-05,0.01,1e-05,oracle_hl,135391206,0.99944
"U(1e-05,0.01), eps=1e-05",1e-05,0.01,1e-05,oracle_hl,163315985,0.99981
"U(1e-05,0.01), eps=1e-05",1e-05,0.01,1e-05,oracle_hl,197000320,0.99995
"U(1e-05,0.01), eps=1e-05",1e-05,0.01,1e-05,oracle_hl,237632135,0.99999
"U(1e-05,0.01), eps=1e-05",1e-05,0.01,1e-05,oracle_hl,286644364,1.0
"U(1e-05,0.01), eps=1e-05",1e-05,0.01,1e-05,oracle_hl,345765489,1.0
"U(1e-05,0.01), eps=1e-05",1e-05,0.01,1e-05,oracle_hl,417080497,1.0
"U(1e-05,0.01), eps=1e-05",1e-05,0.01,1e-05,oracle_hl,503104405,1.0
"U(1e-05,0.01), eps=1e-05",1e-05,0.01,1e-05,oracle_hl,606870961,1.0
"U(1e-05,0.01), eps=1e-05",1e-05,0.01,1e-05,oracle_hl,732039633,1.0
"U(1e-05,0.01), eps=1e-05",1e-05,0.01,1e-05,oracle_hl,883024660,1.0
"U(1e-05,0.01), eps=1e-05",1e-05,0.01,1e-05,oracle_hl,1065150730,1.0
"U(1e-05,0.01), eps=1e-05",1e-05,0.01,1e-05,oracle_hl,1284840764,1.0
